# from_timestamp_us, to_timestamp_us
37384600585, 37384500590
37384700570, 37384600585
37384800563, 37384700570
37384900552, 37384800563
37385000480, 37384900552
37385100498, 37385000480
37385200508, 37385100498
37385300504, 37385200508
37385400500, 37385300504
37385500492, 37385400500
37385600492, 37385500492
37385700489, 37385600492
37385800488, 37385700489
37385900490, 37385800488
37386000433, 37385900490
37386100483, 37386000433
37386200462, 37386100483
37386300464, 37386200462
37386400483, 37386300464
37386500489, 37386400483
37386600492, 37386500489
37386700489, 37386600492
37386800493, 37386700489
37386900491, 37386800493
37387000422, 37386900491
37387100448, 37387000422
37387200466, 37387100448
37387300473, 37387200466
37387400475, 37387300473
37387500474, 37387400475
37387600480, 37387500474
37387700466, 37387600480
37387800465, 37387700466
37387900467, 37387800465
37388000422, 37387900467
37388100468, 37388000422
37388200450, 37388100468
37388300457, 37388200450
37388400475, 37388300457
37388500478, 37388400475
37388600480, 37388500478
37388700477, 37388600480
37388800480, 37388700477
37388900474, 37388800480
37389000421, 37388900474
37389100447, 37389000421
37389200452, 37389100447
37389300474, 37389200452
37389400478, 37389300474
37389500489, 37389400478
37389600484, 37389500489
37389700490, 37389600484
37389800497, 37389700490
37389900507, 37389800497
37390000440, 37389900507
37390100494, 37390000440
37390200498, 37390100494
37390300506, 37390200498
37390400506, 37390300506
37390500514, 37390400506
37390600525, 37390500514
37390700521, 37390600525
37390800533, 37390700521
37390900528, 37390800533
37391000486, 37390900528
37391100522, 37391000486
37391200526, 37391100522
37391300550, 37391200526
37391400538, 37391300550
37391500552, 37391400538
37391600576, 37391500552
37391700563, 37391600576
37391800577, 37391700563
37391900594, 37391800577
37392000544, 37391900594
37392100607, 37392000544
37392200592, 37392100607
37392300609, 37392200592
37392400659, 37392300609
37392500657, 37392400659
37392600682, 37392500657
37392700724, 37392600682
37392800724, 37392700724
37392900756, 37392800724
37393000710, 37392900756
37393100754, 37393000710
37393200766, 37393100754
37393300777, 37393200766
37393400783, 37393300777
37393500790, 37393400783
37400301907, 37400201901
37400401910, 37400301907
37400501912, 37400401910
37400601902, 37400501912
37400701882, 37400601902
37400801856, 37400701882
37400901830, 37400801856
37401001736, 37400901830
37401101716, 37401001736
37401201687, 37401101716
37401301636, 37401201687
37401401583, 37401301636
37401501544, 37401401583
37401601510, 37401501544
37401701472, 37401601510
37401801440, 37401701472
37401901402, 37401801440
37402001333, 37401901402
37402101343, 37402001333
37402201337, 37402101343
37402301348, 37402201337
37402401312, 37402301348
37402501317, 37402401312
37402601262, 37402501317
37402701237, 37402601262
37402801228, 37402701237
37402901172, 37402801228
37403001094, 37402901172
37403101103, 37403001094
37403201063, 37403101103
37403301028, 37403201063
37403400986, 37403301028
37403500958, 37403400986
37403600924, 37403500958
37403700886, 37403600924
37403800852, 37403700886
37403900813, 37403800852
37404000728, 37403900813
37404100720, 37404000728
37404200690, 37404100720
37404300680, 37404200690
37404400659, 37404300680
37404500643, 37404400659
37404600629, 37404500643
37404700624, 37404600629
37404800624, 37404700624
37404900634, 37404800624
37405000564, 37404900634
37405100614, 37405000564
37405200599, 37405100614
37405300601, 37405200599
37405400592, 37405300601
37405500595, 37405400592
37405600600, 37405500595
37405700607, 37405600600
37405800625, 37405700607
37405900642, 37405800625
37406000612, 37405900642
37406100660, 37406000612
37406200678, 37406100660
37406300693, 37406200678
37406400707, 37406300693
37406500721, 37406400707
37406600724, 37406500721
37406700736, 37406600724
37406800746, 37406700736
37406900764, 37406800746
37407000710, 37406900764
37407100736, 37407000710
37407200760, 37407100736
37407300749, 37407200760
37407400762, 37407300749
37407500761, 37407400762
37407600767, 37407500761
37407700769, 37407600767
37407800772, 37407700769
37407900766, 37407800772
37408000722, 37407900766
37408100757, 37408000722
37408200763, 37408100757
37408300766, 37408200763
37408400772, 37408300766
37408500779, 37408400772
37408600777, 37408500779
37408700787, 37408600777
37408800794, 37408700787
37408900776, 37408800794
37409000731, 37408900776
37409100761, 37409000731
37409200760, 37409100761
37409300762, 37409200760
37409400769, 37409300762
37409500767, 37409400769
37409600774, 37409500767
37409700780, 37409600774
37409800779, 37409700780
37409900785, 37409800779
37410000732, 37409900785
37410100762, 37410000732
37410200764, 37410100762
37410300771, 37410200764
37410400773, 37410300771
37410500780, 37410400773
37410600778, 37410500780
37410700784, 37410600778
37410800787, 37410700784
37410900785, 37410800787
37411000732, 37410900785
37411100758, 37411000732
37411200770, 37411100758
37411300768, 37411200770
37411400744, 37411300768
37411500760, 37411400744
37411600753, 37411500760
37411700725, 37411600753
37411800743, 37411700725
37411900725, 37411800743
37412000676, 37411900725
37412100706, 37412000676
37412200704, 37412100706
37412300708, 37412200704
37412400712, 37412300708
37412500718, 37412400712
37412600722, 37412500718
37412700717, 37412600722
37412800716, 37412700717
37412900695, 37412800716
37413000626, 37412900695
37413100644, 37413000626
37413200624, 37413100644
37413300614, 37413200624
37413400604, 37413300614
37413500589, 37413400604
37413600583, 37413500589
37413700582, 37413600583
37413800577, 37413700582
37413900584, 37413800577
37414000516, 37413900584
37414100562, 37414000516
37414200572, 37414100562
37414300568, 37414200572
37414400579, 37414300568
37414500594, 37414400579
37414600613, 37414500594
37414700628, 37414600613
37414800661, 37414700628
37414900704, 37414800661
37415000690, 37414900704
37415100775, 37415000690
37415200829, 37415100775
37415300879, 37415200829
37415400925, 37415300879
37415500967, 37415400925
37415601009, 37415500967
37415701052, 37415601009
37415801086, 37415701052
37415901119, 37415801086
37416001086, 37415901119
37416101153, 37416001086
37416201170, 37416101153
37416301153, 37416201170
37416401155, 37416301153
37416501158, 37416401155
37416601148, 37416501158
37416701128, 37416601148
37416801118, 37416701128
37416901099, 37416801118
37417000999, 37416901099
37417100993, 37417000999
37417200961, 37417100993
37417300952, 37417200961
37417400907, 37417300952
37417500881, 37417400907
37417600878, 37417500881
37417700836, 37417600878
37417800824, 37417700836
37417900816, 37417800824
37418000751, 37417900816
37418100792, 37418000751
37418200774, 37418100792
37418300748, 37418200774
37418400740, 37418300748
37418500738, 37418400740
37418600734, 37418500738
37418700727, 37418600734
37418800729, 37418700727
37418900731, 37418800729
37419000659, 37418900731
37419100677, 37419000659
37419200695, 37419100677
37419300694, 37419200695
37419400696, 37419300694
37419500699, 37419400696
37419600697, 37419500699
37419700699, 37419600697
37419800706, 37419700699
37419900692, 37419800706
37420000632, 37419900692
37420100649, 37420000632
37420200664, 37420100649
37420300659, 37420200664
37420400660, 37420300659
37420500654, 37420400660
37420600661, 37420500654
37420700667, 37420600661
37420800662, 37420700667
37420900665, 37420800662
37421000592, 37420900665
37421100619, 37421000592
37421200637, 37421100619
37421300636, 37421200637
37421400638, 37421300636
37421500641, 37421400638
37421600639, 37421500641
37421700649, 37421600639
37421800663, 37421700649
37421900689, 37421800663
37422000635, 37421900689
37422100668, 37422000635
37422200687, 37422100668
37422300674, 37422200687
37425600993, 37425500968
37425701023, 37425600993
37425801060, 37425701023
37425901107, 37425801060
37426001094, 37425901107
37426101182, 37426001094
37426201240, 37426101182
37426301304, 37426201240
37426401366, 37426301304
37426501415, 37426401366
37426601476, 37426501415
37426701537, 37426601476
37426801594, 37426701537
37426901672, 37426801594
37427001670, 37426901672
37427101741, 37427001670
37427201772, 37427101741
37427301798, 37427201772
37427401794, 37427301798
37427501801, 37427401794
37427601782, 37427501801
37427701744, 37427601782
37427801701, 37427701744
37427901644, 37427801701
37428001551, 37427901644
37428101534, 37428001551
37428201501, 37428101534
37428301482, 37428201501
37428401489, 37428301482
37428501489, 37428401489
37428601487, 37428501489
37428701497, 37428601487
37428801496, 37428701497
37428901502, 37428801496
37429001437, 37428901502
37429101467, 37429001437
37429201469, 37429101467
37429301480, 37429201469
37429401474, 37429301480
37429501481, 37429401474
37429601483, 37429501481
37429701485, 37429601483
37429801488, 37429701485
37429901494, 37429801488
37430001437, 37429901494
37430101467, 37430001437
37430201469, 37430101467
37430301472, 37430201469
37430401478, 37430301472
37430501472, 37430401478
37430601456, 37430501472
37430701464, 37430601456
37430801470, 37430701464
37430901483, 37430801470
37431001457, 37430901483
37431101540, 37431001457
37431201550, 37431101540
37431301591, 37431201550
37431401619, 37431301591
37431501637, 37431401619
37431601642, 37431501637
37431701633, 37431601642
37431801626, 37431701633
37431901629, 37431801626
37432001569, 37431901629
37432101599, 37432001569
37432201605, 37432101599
37432301596, 37432201605
37432401600, 37432301596
37432501608, 37432401600
37432601604, 37432501608
37432701609, 37432601604
37432801596, 37432701609
37432901592, 37432801596
37433001538, 37432901592
37433101554, 37433001538
37433201520, 37433101554
37433301498, 37433201520
37433401472, 37433301498
37433501438, 37433401472
37433601405, 37433501438
37433701372, 37433601405
37433801340, 37433701372
37433901317, 37433801340
37434001266, 37433901317
37434101300, 37434001266
37434201302, 37434101300
37434301300, 37434201302
37434401308, 37434301300
37434501296, 37434401308
37434601276, 37434501296
37434701264, 37434601276
37434801250, 37434701264
37434901246, 37434801250
37435001178, 37434901246
37435101200, 37435001178
37435201210, 37435101200
37435301189, 37435201210
37435401176, 37435301189
37435501150, 37435401176
37435601126, 37435501150
37435701105, 37435601126
37435801101, 37435701105
37435901086, 37435801101
37436001033, 37435901086
37436101067, 37436001033
37436201073, 37436101067
37436301100, 37436201073
37436401115, 37436301100
37436501142, 37436401115
37436601160, 37436501142
37436701190, 37436601160
37436801222, 37436701190
37436901222, 37436801222
37437001196, 37436901222
37437101246, 37437001196
37437201260, 37437101246
37437301282, 37437201260
37437401307, 37437301282
37437501314, 37437401307
37437601310, 37437501314
37437701321, 37437601310
37437801328, 37437701321
37437901326, 37437801328
37438001265, 37437901326
37438101314, 37438001265
37438201294, 37438101314
37438301309, 37438201294
37438401311, 37438301309
37438501302, 37438401311
37438601320, 37438501302
37438701317, 37438601320
37438801342, 37438701317
37438901362, 37438801342
37439001325, 37438901362
37439101378, 37439001325
37439201381, 37439101378
37439301405, 37439201381
37439401412, 37439301405
37439501449, 37439401412
37439601484, 37439501449
37439701498, 37439601484
37439801523, 37439701498
37439901542, 37439801523
37440001504, 37439901542
37440101564, 37440001504
37440201562, 37440101564
37440301596, 37440201562
37440401630, 37440301596
37440501675, 37440401630
37440601693, 37440501675
37440701718, 37440601693
37440801744, 37440701718
37440901764, 37440801744
37441001723, 37440901764
37441101756, 37441001723
37441201758, 37441101756
37441301765, 37441201758
37441401775, 37441301765
37441501758, 37441401775
37441601768, 37441501758
37441701782, 37441601768
37441801785, 37441701782
37441901783, 37441801785
37442001722, 37441901783
37442101768, 37442001722
37442201766, 37442101768
37442301749, 37442201766
37442401752, 37442301749
37442501762, 37442401752
37442601769, 37442501762
37442701775, 37442601769
37442801779, 37442701775
37442901772, 37442801779
37443001709, 37442901772
37443101717, 37443001709
37443201697, 37443101717
37443301669, 37443201697
37443401646, 37443301669
37443501630, 37443401646
37443601604, 37443501630
37443701579, 37443601604
37443801532, 37443701579
37443901510, 37443801532
37444001418, 37443901510
37444101420, 37444001418
37444201399, 37444101420
37444301387, 37444201399
37444401373, 37444301387
37444501339, 37444401373
37444601324, 37444501339
37444701300, 37444601324
37444801284, 37444701300
37444901252, 37444801284
37445001168, 37444901252
37445101171, 37445001168
37445201141, 37445101171
37445301112, 37445201141
37445401087, 37445301112
37445501036, 37445401087
37445601010, 37445501036
37445700994, 37445601010
37445800977, 37445700994
37445900946, 37445800977
37446000878, 37445900946
37446100890, 37446000878
37446200876, 37446100890
37446300872, 37446200876
37446400872, 37446300872
37446500868, 37446400872
37446600853, 37446500868
37446700867, 37446600853
37446800870, 37446700867
37446900872, 37446800870
37447000807, 37446900872
37447100844, 37447000807
37447200860, 37447100844
37447300875, 37447200860
37447400869, 37447300875
37447500884, 37447400869
37447600892, 37447500884
37447700902, 37447600892
37447800889, 37447700902
37447900892, 37447800889
37448000835, 37447900892
37448100857, 37448000835
37448200853, 37448100857
37448300862, 37448200853
37448400872, 37448300862
37448500858, 37448400872
37448600868, 37448500858
37448700858, 37448600868
37448800862, 37448700858
37448900875, 37448800862
37449000810, 37448900875
37449100830, 37449000810
37449200822, 37449100830
37449300812, 37449200822
37449400817, 37449300812
37449500797, 37449400817
37449600804, 37449500797
37449700817, 37449600804
37449800816, 37449700817
37449900847, 37449800816
37450000805, 37449900847
37450100862, 37450000805
37450200881, 37450100862
37450300908, 37450200881
37450400937, 37450300908
37450500966, 37450400937
37450600982, 37450500966
37450701030, 37450600982
37450801064, 37450701030
37450901085, 37450801064
37451001055, 37450901085
37451101122, 37451001055
37451201118, 37451101122
37451301142, 37451201118
37451401156, 37451301142
37451501144, 37451401156
37451601160, 37451501144
37451701166, 37451601160
37451801156, 37451701166
37451901166, 37451801156
37452001114, 37451901166
37452101150, 37452001114
37452201159, 37452101150
37452301183, 37452201159
37452401187, 37452301183
37452501208, 37452401187
37452601236, 37452501208
37452701270, 37452601236
37452801296, 37452701270
37460801126, 37460701135
37460901140, 37460801126
37461001075, 37460901140
37461101109, 37461001075
37461201131, 37461101109
37461301169, 37461201131
37461401174, 37461301169
37461501207, 37461401174
37461601247, 37461501207
37461701266, 37461601247
37461801300, 37461701266
37461901343, 37461801300
37462001318, 37461901343
37462101379, 37462001318
37462201409, 37462101379
37462301436, 37462201409
37462401446, 37462301436
37462501474, 37462401446
37462601499, 37462501474
37462701500, 37462601499
37462801518, 37462701500
37462901522, 37462801518
37463001465, 37462901522
37463101506, 37463001465
37463201538, 37463101506
37463301580, 37463201538
37463401613, 37463301580
37463501598, 37463401613
37463601609, 37463501598
37463701619, 37463601609
37463801620, 37463701619
37463901585, 37463801620
37464001520, 37463901585
37464101531, 37464001520
37464201508, 37464101531
37464301489, 37464201508
37464401468, 37464301489
37464501424, 37464401468
37464601382, 37464501424
37464701332, 37464601382
37464801277, 37464701332
37464901243, 37464801277
37465001140, 37464901243
37465101145, 37465001140
37465201136, 37465101145
