# from_timestamp_us, to_timestamp_us
37384600585, 37384700570
37384700570, 37384800563
37384800563, 37384900552
37384900552, 37385000480
37385000480, 37385100498
37385100498, 37385200508
37385200508, 37385300504
37385300504, 37385400500
37385400500, 37385500492
37385500492, 37385600492
37385600492, 37385700489
37385700489, 37385800488
37385800488, 37385900490
37385900490, 37386000433
37386000433, 37386100483
37386100483, 37386200462
37386200462, 37386300464
37386300464, 37386400483
37386400483, 37386500489
37386500489, 37386600492
37386600492, 37386700489
37386700489, 37386800493
37386800493, 37386900491
37386900491, 37387000422
37387000422, 37387100448
37387100448, 37387200466
37387200466, 37387300473
37387300473, 37387400475
37387400475, 37387500474
37387500474, 37387600480
37387600480, 37387700466
37387700466, 37387800465
37387800465, 37387900467
37387900467, 37388000422
37388000422, 37388100468
37388100468, 37388200450
37388200450, 37388300457
37388300457, 37388400475
37388400475, 37388500478
37388500478, 37388600480
37388600480, 37388700477
37388700477, 37388800480
37388800480, 37388900474
37388900474, 37389000421
37389000421, 37389100447
37389100447, 37389200452
37389200452, 37389300474
37389300474, 37389400478
37389400478, 37389500489
37389500489, 37389600484
37389600484, 37389700490
37389700490, 37389800497
37389800497, 37389900507
37389900507, 37390000440
37390000440, 37390100494
37390100494, 37390200498
37390200498, 37390300506
37390300506, 37390400506
37390400506, 37390500514
37390500514, 37390600525
37390600525, 37390700521
37390700521, 37390800533
37390800533, 37390900528
37390900528, 37391000486
37391000486, 37391100522
37391100522, 37391200526
37391200526, 37391300550
37391300550, 37391400538
37391400538, 37391500552
37391500552, 37391600576
37391600576, 37391700563
37391700563, 37391800577
37391800577, 37391900594
37391900594, 37392000544
37392000544, 37392100607
37392100607, 37392200592
37392200592, 37392300609
37392300609, 37392400659
37392400659, 37392500657
37392500657, 37392600682
37392600682, 37392700724
37392700724, 37392800724
37392800724, 37392900756
37392900756, 37393000710
37393000710, 37393100754
37393100754, 37393200766
37393200766, 37393300777
37393300777, 37393400783
37393400783, 37393500790
37393500790, 37393600784
37400301907, 37400401910
37400401910, 37400501912
37400501912, 37400601902
37400601902, 37400701882
37400701882, 37400801856
37400801856, 37400901830
37400901830, 37401001736
37401001736, 37401101716
37401101716, 37401201687
37401201687, 37401301636
37401301636, 37401401583
37401401583, 37401501544
37401501544, 37401601510
37401601510, 37401701472
37401701472, 37401801440
37401801440, 37401901402
37401901402, 37402001333
37402001333, 37402101343
37402101343, 37402201337
37402201337, 37402301348
37402301348, 37402401312
37402401312, 37402501317
37402501317, 37402601262
37402601262, 37402701237
37402701237, 37402801228
37402801228, 37402901172
37402901172, 37403001094
37403001094, 37403101103
37403101103, 37403201063
37403201063, 37403301028
37403301028, 37403400986
37403400986, 37403500958
37403500958, 37403600924
37403600924, 37403700886
37403700886, 37403800852
37403800852, 37403900813
37403900813, 37404000728
37404000728, 37404100720
37404100720, 37404200690
37404200690, 37404300680
37404300680, 37404400659
37404400659, 37404500643
37404500643, 37404600629
37404600629, 37404700624
37404700624, 37404800624
37404800624, 37404900634
37404900634, 37405000564
37405000564, 37405100614
37405100614, 37405200599
37405200599, 37405300601
37405300601, 37405400592
37405400592, 37405500595
37405500595, 37405600600
37405600600, 37405700607
37405700607, 37405800625
37405800625, 37405900642
37405900642, 37406000612
37406000612, 37406100660
37406100660, 37406200678
37406200678, 37406300693
37406300693, 37406400707
37406400707, 37406500721
37406500721, 37406600724
37406600724, 37406700736
37406700736, 37406800746
37406800746, 37406900764
37406900764, 37407000710
37407000710, 37407100736
37407100736, 37407200760
37407200760, 37407300749
37407300749, 37407400762
37407400762, 37407500761
37407500761, 37407600767
37407600767, 37407700769
37407700769, 37407800772
37407800772, 37407900766
37407900766, 37408000722
37408000722, 37408100757
37408100757, 37408200763
37408200763, 37408300766
37408300766, 37408400772
37408400772, 37408500779
37408500779, 37408600777
37408600777, 37408700787
37408700787, 37408800794
37408800794, 37408900776
37408900776, 37409000731
37409000731, 37409100761
37409100761, 37409200760
37409200760, 37409300762
37409300762, 37409400769
37409400769, 37409500767
37409500767, 37409600774
37409600774, 37409700780
37409700780, 37409800779
37409800779, 37409900785
37409900785, 37410000732
37410000732, 37410100762
37410100762, 37410200764
37410200764, 37410300771
37410300771, 37410400773
37410400773, 37410500780
37410500780, 37410600778
37410600778, 37410700784
37410700784, 37410800787
37410800787, 37410900785
37410900785, 37411000732
37411000732, 37411100758
37411100758, 37411200770
37411200770, 37411300768
37411300768, 37411400744
37411400744, 37411500760
37411500760, 37411600753
37411600753, 37411700725
37411700725, 37411800743
37411800743, 37411900725
37411900725, 37412000676
37412000676, 37412100706
37412100706, 37412200704
37412200704, 37412300708
37412300708, 37412400712
37412400712, 37412500718
37412500718, 37412600722
37412600722, 37412700717
37412700717, 37412800716
37412800716, 37412900695
37412900695, 37413000626
37413000626, 37413100644
37413100644, 37413200624
37413200624, 37413300614
37413300614, 37413400604
37413400604, 37413500589
37413500589, 37413600583
37413600583, 37413700582
37413700582, 37413800577
37413800577, 37413900584
37413900584, 37414000516
37414000516, 37414100562
37414100562, 37414200572
37414200572, 37414300568
37414300568, 37414400579
37414400579, 37414500594
37414500594, 37414600613
37414600613, 37414700628
37414700628, 37414800661
37414800661, 37414900704
37414900704, 37415000690
37415000690, 37415100775
37415100775, 37415200829
37415200829, 37415300879
37415300879, 37415400925
37415400925, 37415500967
37415500967, 37415601009
37415601009, 37415701052
37415701052, 37415801086
37415801086, 37415901119
37415901119, 37416001086
37416001086, 37416101153
37416101153, 37416201170
37416201170, 37416301153
37416301153, 37416401155
37416401155, 37416501158
37416501158, 37416601148
37416601148, 37416701128
37416701128, 37416801118
37416801118, 37416901099
37416901099, 37417000999
37417000999, 37417100993
37417100993, 37417200961
37417200961, 37417300952
37417300952, 37417400907
37417400907, 37417500881
37417500881, 37417600878
37417600878, 37417700836
37417700836, 37417800824
37417800824, 37417900816
37417900816, 37418000751
37418000751, 37418100792
37418100792, 37418200774
37418200774, 37418300748
37418300748, 37418400740
37418400740, 37418500738
37418500738, 37418600734
37418600734, 37418700727
37418700727, 37418800729
37418800729, 37418900731
37418900731, 37419000659
37419000659, 37419100677
37419100677, 37419200695
37419200695, 37419300694
37419300694, 37419400696
37419400696, 37419500699
37419500699, 37419600697
37419600697, 37419700699
37419700699, 37419800706
37419800706, 37419900692
37419900692, 37420000632
37420000632, 37420100649
37420100649, 37420200664
37420200664, 37420300659
37420300659, 37420400660
37420400660, 37420500654
37420500654, 37420600661
37420600661, 37420700667
37420700667, 37420800662
37420800662, 37420900665
37420900665, 37421000592
37421000592, 37421100619
37421100619, 37421200637
37421200637, 37421300636
37421300636, 37421400638
37421400638, 37421500641
37421500641, 37421600639
37421600639, 37421700649
37421700649, 37421800663
37421800663, 37421900689
37421900689, 37422000635
37422000635, 37422100668
37422100668, 37422200687
37422200687, 37422300674
37422300674, 37422400676
37425600993, 37425701023
37425701023, 37425801060
37425801060, 37425901107
37425901107, 37426001094
37426001094, 37426101182
37426101182, 37426201240
37426201240, 37426301304
37426301304, 37426401366
37426401366, 37426501415
37426501415, 37426601476
37426601476, 37426701537
37426701537, 37426801594
37426801594, 37426901672
37426901672, 37427001670
37427001670, 37427101741
37427101741, 37427201772
37427201772, 37427301798
37427301798, 37427401794
37427401794, 37427501801
37427501801, 37427601782
37427601782, 37427701744
37427701744, 37427801701
37427801701, 37427901644
37427901644, 37428001551
37428001551, 37428101534
37428101534, 37428201501
37428201501, 37428301482
37428301482, 37428401489
37428401489, 37428501489
37428501489, 37428601487
37428601487, 37428701497
37428701497, 37428801496
37428801496, 37428901502
37428901502, 37429001437
37429001437, 37429101467
37429101467, 37429201469
37429201469, 37429301480
37429301480, 37429401474
37429401474, 37429501481
37429501481, 37429601483
37429601483, 37429701485
37429701485, 37429801488
37429801488, 37429901494
37429901494, 37430001437
37430001437, 37430101467
37430101467, 37430201469
37430201469, 37430301472
37430301472, 37430401478
37430401478, 37430501472
37430501472, 37430601456
37430601456, 37430701464
37430701464, 37430801470
37430801470, 37430901483
37430901483, 37431001457
37431001457, 37431101540
37431101540, 37431201550
37431201550, 37431301591
37431301591, 37431401619
37431401619, 37431501637
37431501637, 37431601642
37431601642, 37431701633
37431701633, 37431801626
37431801626, 37431901629
37431901629, 37432001569
37432001569, 37432101599
37432101599, 37432201605
37432201605, 37432301596
37432301596, 37432401600
37432401600, 37432501608
37432501608, 37432601604
37432601604, 37432701609
37432701609, 37432801596
37432801596, 37432901592
37432901592, 37433001538
37433001538, 37433101554
37433101554, 37433201520
37433201520, 37433301498
37433301498, 37433401472
37433401472, 37433501438
37433501438, 37433601405
37433601405, 37433701372
37433701372, 37433801340
37433801340, 37433901317
37433901317, 37434001266
37434001266, 37434101300
37434101300, 37434201302
37434201302, 37434301300
37434301300, 37434401308
37434401308, 37434501296
37434501296, 37434601276
37434601276, 37434701264
37434701264, 37434801250
37434801250, 37434901246
37434901246, 37435001178
37435001178, 37435101200
37435101200, 37435201210
37435201210, 37435301189
37435301189, 37435401176
37435401176, 37435501150
37435501150, 37435601126
37435601126, 37435701105
37435701105, 37435801101
37435801101, 37435901086
37435901086, 37436001033
37436001033, 37436101067
37436101067, 37436201073
37436201073, 37436301100
37436301100, 37436401115
37436401115, 37436501142
37436501142, 37436601160
37436601160, 37436701190
37436701190, 37436801222
37436801222, 37436901222
37436901222, 37437001196
37437001196, 37437101246
37437101246, 37437201260
37437201260, 37437301282
37437301282, 37437401307
37437401307, 37437501314
37437501314, 37437601310
37437601310, 37437701321
37437701321, 37437801328
37437801328, 37437901326
37437901326, 37438001265
37438001265, 37438101314
37438101314, 37438201294
37438201294, 37438301309
37438301309, 37438401311
37438401311, 37438501302
37438501302, 37438601320
37438601320, 37438701317
37438701317, 37438801342
37438801342, 37438901362
37438901362, 37439001325
37439001325, 37439101378
37439101378, 37439201381
37439201381, 37439301405
37439301405, 37439401412
37439401412, 37439501449
37439501449, 37439601484
37439601484, 37439701498
37439701498, 37439801523
37439801523, 37439901542
37439901542, 37440001504
37440001504, 37440101564
37440101564, 37440201562
37440201562, 37440301596
37440301596, 37440401630
37440401630, 37440501675
37440501675, 37440601693
37440601693, 37440701718
37440701718, 37440801744
37440801744, 37440901764
37440901764, 37441001723
37441001723, 37441101756
37441101756, 37441201758
37441201758, 37441301765
37441301765, 37441401775
37441401775, 37441501758
37441501758, 37441601768
37441601768, 37441701782
37441701782, 37441801785
37441801785, 37441901783
37441901783, 37442001722
37442001722, 37442101768
37442101768, 37442201766
37442201766, 37442301749
37442301749, 37442401752
37442401752, 37442501762
37442501762, 37442601769
37442601769, 37442701775
37442701775, 37442801779
37442801779, 37442901772
37442901772, 37443001709
37443001709, 37443101717
37443101717, 37443201697
37443201697, 37443301669
37443301669, 37443401646
37443401646, 37443501630
37443501630, 37443601604
37443601604, 37443701579
37443701579, 37443801532
37443801532, 37443901510
37443901510, 37444001418
37444001418, 37444101420
37444101420, 37444201399
37444201399, 37444301387
37444301387, 37444401373
37444401373, 37444501339
37444501339, 37444601324
37444601324, 37444701300
37444701300, 37444801284
37444801284, 37444901252
37444901252, 37445001168
37445001168, 37445101171
37445101171, 37445201141
37445201141, 37445301112
37445301112, 37445401087
37445401087, 37445501036
37445501036, 37445601010
37445601010, 37445700994
37445700994, 37445800977
37445800977, 37445900946
37445900946, 37446000878
37446000878, 37446100890
37446100890, 37446200876
37446200876, 37446300872
37446300872, 37446400872
37446400872, 37446500868
37446500868, 37446600853
37446600853, 37446700867
37446700867, 37446800870
37446800870, 37446900872
37446900872, 37447000807
37447000807, 37447100844
37447100844, 37447200860
37447200860, 37447300875
37447300875, 37447400869
37447400869, 37447500884
37447500884, 37447600892
37447600892, 37447700902
37447700902, 37447800889
37447800889, 37447900892
37447900892, 37448000835
37448000835, 37448100857
37448100857, 37448200853
37448200853, 37448300862
37448300862, 37448400872
37448400872, 37448500858
37448500858, 37448600868
37448600868, 37448700858
37448700858, 37448800862
37448800862, 37448900875
37448900875, 37449000810
37449000810, 37449100830
37449100830, 37449200822
37449200822, 37449300812
37449300812, 37449400817
37449400817, 37449500797
37449500797, 37449600804
37449600804, 37449700817
37449700817, 37449800816
37449800816, 37449900847
37449900847, 37450000805
37450000805, 37450100862
37450100862, 37450200881
37450200881, 37450300908
37450300908, 37450400937
37450400937, 37450500966
37450500966, 37450600982
37450600982, 37450701030
37450701030, 37450801064
37450801064, 37450901085
37450901085, 37451001055
37451001055, 37451101122
37451101122, 37451201118
37451201118, 37451301142
37451301142, 37451401156
37451401156, 37451501144
37451501144, 37451601160
37451601160, 37451701166
37451701166, 37451801156
37451801156, 37451901166
37451901166, 37452001114
37452001114, 37452101150
37452101150, 37452201159
37452201159, 37452301183
37452301183, 37452401187
37452401187, 37452501208
37452501208, 37452601236
37452601236, 37452701270
37452701270, 37452801296
37452801296, 37452901318
37460801126, 37460901140
37460901140, 37461001075
37461001075, 37461101109
37461101109, 37461201131
37461201131, 37461301169
37461301169, 37461401174
37461401174, 37461501207
37461501207, 37461601247
37461601247, 37461701266
37461701266, 37461801300
37461801300, 37461901343
37461901343, 37462001318
37462001318, 37462101379
37462101379, 37462201409
37462201409, 37462301436
37462301436, 37462401446
37462401446, 37462501474
37462501474, 37462601499
37462601499, 37462701500
37462701500, 37462801518
37462801518, 37462901522
37462901522, 37463001465
37463001465, 37463101506
37463101506, 37463201538
37463201538, 37463301580
37463301580, 37463401613
37463401613, 37463501598
37463501598, 37463601609
37463601609, 37463701619
37463701619, 37463801620
37463801620, 37463901585
37463901585, 37464001520
37464001520, 37464101531
37464101531, 37464201508
37464201508, 37464301489
37464301489, 37464401468
37464401468, 37464501424
37464501424, 37464601382
37464601382, 37464701332
37464701332, 37464801277
37464801277, 37464901243
37464901243, 37465001140
37465001140, 37465101145
37465101145, 37465201136
37465201136, 37465301156
