# from_timestamp_us, to_timestamp_us
56538507546, 56538407560
56538607569, 56538507546
56538707555, 56538607569
56538807570, 56538707555
56538907560, 56538807570
56539007503, 56538907560
56539107529, 56539007503
56539207544, 56539107529
56539307554, 56539207544
56539407541, 56539307554
56539507559, 56539407541
56539607566, 56539507559
56539707552, 56539607566
56539807563, 56539707552
56539907573, 56539807563
56540007500, 56539907573
56540107538, 56540007500
56540207549, 56540107538
56540307531, 56540207549
56540407538, 56540307531
56540507556, 56540407538
56540607547, 56540507556
56540707553, 56540607547
56540807568, 56540707553
56540907558, 56540807568
56541007501, 56540907558
56541107531, 56541007501
56541207554, 56541107531
56541307560, 56541207554
56543207553, 56543107558
56543307559, 56543207553
56543407550, 56543307559
56543507564, 56543407550
56543607551, 56543507564
56543707565, 56543607551
56543807560, 56543707565
56543907566, 56543807560
56544007501, 56543907566
56544107547, 56544007501
56544207546, 56544107547
56544307560, 56544207546
56544407551, 56544307560
56544507557, 56544407551
56544607548, 56544507557
56544707562, 56544607548
56544807549, 56544707562
56544907563, 56544807549
56545007502, 56544907563
56561407548, 56561307537
56561507554, 56561407548
56561607549, 56561507554
56561707563, 56561607549
56561807550, 56561707563
56561907568, 56561807550
56562007503, 56561907568
56562107549, 56562007503
56562207544, 56562107549
56562307554, 56562207544
56562407541, 56562307554
56562507559, 56562407541
56562607550, 56562507559
56562707560, 56562607550
56562807551, 56562707560
56562907561, 56562807551
56563007504, 56562907561
56563107534, 56563007504
56563207549, 56563107534
56563307555, 56563207549
56563407550, 56563307555
56563507556, 56563407550
56563607551, 56563507556
56563707561, 56563607551
56563807552, 56563707561
56563907566, 56563807552
56564007501, 56563907566
56564107527, 56564007501
56564207546, 56564107527
56564307536, 56564207546
56564407551, 56564307536
56564507538, 56564407551
56564607544, 56564507538
56564707547, 56564607544
56564807557, 56564707547
56564907568, 56564807557
56565007503, 56564907568
56565107537, 56565007503
56565207544, 56565107537
56565307550, 56565207544
56565407537, 56565307550
56565507539, 56565407537
56565607550, 56565507539
56565707564, 56565607550
56565807567, 56565707564
56565907557, 56565807567
56566007500, 56565907557
56566107530, 56566007500
56566207537, 56566107530
56566307551, 56566207537
56566407538, 56566307551
56566507548, 56566407538
56566607559, 56566507548
56566707541, 56566607559
56566807556, 56566707541
56566907566, 56566807556
56567007501, 56566907566
56567107531, 56567007501
56567207546, 56567107531
56567307548, 56567207546
56567407535, 56567307548
56567507549, 56567407535
56567607560, 56567507549
56567707546, 56567607560
56567807557, 56567707546
56567907563, 56567807557
56568007502, 56567907563
56568107528, 56568007502
56568207531, 56568107528
56568307553, 56568207531
56568407540, 56568307553
56568507551, 56568407540
56568607541, 56568507551
56568707548, 56568607541
56568807562, 56568707548
56568907553, 56568807562
56569007500, 56568907553
56569107534, 56569007500
56569207549, 56569107534
56569307531, 56569207549
56569407542, 56569307531
56569507556, 56569407542
56569607539, 56569507556
56569707553, 56569607539
56569807564, 56569707553
56569907550, 56569807564
56570007501, 56569907550
56570107535, 56570007501
56570207542, 56570107535
56570307532, 56570207542
56570407547, 56570307532
56570507557, 56570407547
56570607548, 56570507557
56570707554, 56570607548
56570807545, 56570707554
56570907559, 56570807545
56571007502, 56570907559
56571107528, 56571007502
56571207531, 56571107528
56571307545, 56571207531
56571407536, 56571307545
56571507550, 56571407536
56571607557, 56571507550
56571707543, 56571607557
56571807558, 56571707543
56571907564, 56571807558
56572007503, 56571907564
56572107533, 56572007503
56572207548, 56572107533
56572307554, 56572207548
56572407545, 56572307554
56572507551, 56572407545
56572607542, 56572507551
56572707556, 56572607542
56572807559, 56572707556
56572907549, 56572807559
56573007500, 56572907549
56573107534, 56573007500
56573207537, 56573107534
56573307551, 56573207537
56573407542, 56573307551
56573507557, 56573407542
56573607539, 56573507557
56573707554, 56573607539
56573807564, 56573707554
56573907551, 56573807564
56574007502, 56573907551
56597807558, 56597707547
56597907564, 56597807558
56598007499, 56597907564
56598107533, 56598007499
56598207536, 56598107533
56598307546, 56598207536
56598407537, 56598307546
56598507547, 56598407537
56598607558, 56598507547
56598707548, 56598607558
56598807559, 56598707548
56598907549, 56598807559
56599007500, 56598907549
56599107530, 56599007500
56599207529, 56599107530
56599307551, 56599207529
56599407538, 56599307551
56599507552, 56599407538
56599607539, 56599507552
56599707553, 56599607539
56599807544, 56599707553
56599907550, 56599807544
56600007501, 56599907550
56600107539, 56600007501
56600207530, 56600107539
56600307536, 56600207530
56600407547, 56600307536
56600507558, 56600407547
56600607544, 56600507558
56600707559, 56600607544
56600807565, 56600707559
56600907556, 56600807565
56601007499, 56600907556
56601107529, 56601007499
56601207544, 56601107529
56601307554, 56601207544
56601407537, 56601307554
56601507547, 56601407537
56601607562, 56601507547
56601707548, 56601607562
56601807559, 56601707548
56601907565, 56601807559
56602007500, 56601907565
56602107542, 56602007500
56602207549, 56602107542
56602307535, 56602207549
56602407550, 56602307535
56602507536, 56602407550
56602607551, 56602507536
56602707541, 56602607551
56602807552, 56602707541
56602907566, 56602807552
56603007497, 56602907566
56603107547, 56603007497
56603207530, 56603107547
56603307540, 56603207530
56603407547, 56603307540
56603507537, 56603407547
56603607548, 56603507537
56603707554, 56603607548
56603807541, 56603707554
56603907551, 56603807541
56604007498, 56603907551
56604107532, 56604007498
56604207539, 56604107532
56604307545, 56604207539
56604407536, 56604307545
56604507543, 56604407536
56604607557, 56604507543
56604707548, 56604607557
56604807554, 56604707548
56604907549, 56604807554
56605007500, 56604907549
56605107530, 56605007500
56605207529, 56605107530
56605307535, 56605207529
56605407546, 56605307535
56605507556, 56605407546
56605607543, 56605507556
56605707549, 56605607543
56605807564, 56605707549
56605907550, 56605807564
56606007501, 56605907550
56606107531, 56606007501
56606207550, 56606107531
56606307540, 56606207550
56606407555, 56606307540
56606507545, 56606407555
56606607556, 56606507545
56606707546, 56606607556
56606807561, 56606707546
56606907567, 56606807561
56607007502, 56606907567
56607107528, 56607007502
56607207531, 56607107528
56607307549, 56607207531
56607407556, 56607307549
56607507546, 56607407556
56607607557, 56607507546
56607707543, 56607607557
56607807558, 56607707543
56607907568, 56607807558
56608007499, 56607907568
56608107537, 56608007499
56608207536, 56608107537
56608307550, 56608207536
56608407541, 56608307550
56608507556, 56608407541
56608607542, 56608507556
56608707557, 56608607542
56608807547, 56608707557
56608907558, 56608807547
56609007501, 56608907558
56609107531, 56609007501
56609207550, 56609107531
56609307552, 56609207550
56609407539, 56609307552
56609507553, 56609407539
56609607544, 56609507553
56609707550, 56609607544
56609807565, 56609707550
56609907559, 56609807565
56610007502, 56609907559
56623007498, 56622907547
56623107528, 56623007498
56623207539, 56623107528
56623307545, 56623207539
56623407536, 56623307545
56623507550, 56623407536
56623607537, 56623507550
56623707551, 56623607537
56623807542, 56623707551
56623907548, 56623807542
56624007499, 56623907548
56624107533, 56624007499
56624207544, 56624107533
56624307550, 56624207544
56624407541, 56624307550
56624507551, 56624407541
56624607542, 56624507551
56624707560, 56624607542
56624807547, 56624707560
56624907561, 56624807547
56625007500, 56624907561
56625107534, 56625007500
56625207537, 56625107534
56625307551, 56625207537
56625407542, 56625307551
56625507556, 56625407542
56625607543, 56625507556
56625707561, 56625607543
56625807556, 56625707561
56625907566, 56625807556
56626007501, 56625907566
56626107535, 56626007501
56626207542, 56626107535
56626307552, 56626207542
56626407543, 56626307552
56626507554, 56626407543
56626607544, 56626507554
56626707563, 56626607544
56626807545, 56626707563
56626907560, 56626807545
56627007503, 56626907560
56627107529, 56627007503
56627207552, 56627107529
56627307550, 56627207552
56627407557, 56627307550
56627507547, 56627407557
56627607550, 56627507547
56627707544, 56627607550
56627807559, 56627707544
56627907565, 56627807559
56628007500, 56627907565
56628107530, 56628007500
56628207529, 56628107530
56628307551, 56628207529
56628407542, 56628307551
56628507552, 56628407542
56628607539, 56628507552
56628707553, 56628607539
56628807560, 56628707553
56628907550, 56628807560
56629007501, 56628907550
56629107551, 56629007501
56629207530, 56629107551
56629307548, 56629207530
