# from_timestamp_us, to_timestamp_us
56538507546, 56538607569
56538607569, 56538707555
56538707555, 56538807570
56538807570, 56538907560
56538907560, 56539007503
56539007503, 56539107529
56539107529, 56539207544
56539207544, 56539307554
56539307554, 56539407541
56539407541, 56539507559
56539507559, 56539607566
56539607566, 56539707552
56539707552, 56539807563
56539807563, 56539907573
56539907573, 56540007500
56540007500, 56540107538
56540107538, 56540207549
56540207549, 56540307531
56540307531, 56540407538
56540407538, 56540507556
56540507556, 56540607547
56540607547, 56540707553
56540707553, 56540807568
56540807568, 56540907558
56540907558, 56541007501
56541007501, 56541107531
56541107531, 56541207554
56541207554, 56541307560
56541307560, 56541407551
56543207553, 56543307559
56543307559, 56543407550
56543407550, 56543507564
56543507564, 56543607551
56543607551, 56543707565
56543707565, 56543807560
56543807560, 56543907566
56543907566, 56544007501
56544007501, 56544107547
56544107547, 56544207546
56544207546, 56544307560
56544307560, 56544407551
56544407551, 56544507557
56544507557, 56544607548
56544607548, 56544707562
56544707562, 56544807549
56544807549, 56544907563
56544907563, 56545007502
56545007502, 56545107540
56561407548, 56561507554
56561507554, 56561607549
56561607549, 56561707563
56561707563, 56561807550
56561807550, 56561907568
56561907568, 56562007503
56562007503, 56562107549
56562107549, 56562207544
56562207544, 56562307554
56562307554, 56562407541
56562407541, 56562507559
56562507559, 56562607550
56562607550, 56562707560
56562707560, 56562807551
56562807551, 56562907561
56562907561, 56563007504
56563007504, 56563107534
56563107534, 56563207549
56563207549, 56563307555
56563307555, 56563407550
56563407550, 56563507556
56563507556, 56563607551
56563607551, 56563707561
56563707561, 56563807552
56563807552, 56563907566
56563907566, 56564007501
56564007501, 56564107527
56564107527, 56564207546
56564207546, 56564307536
56564307536, 56564407551
56564407551, 56564507538
56564507538, 56564607544
56564607544, 56564707547
56564707547, 56564807557
56564807557, 56564907568
56564907568, 56565007503
56565007503, 56565107537
56565107537, 56565207544
56565207544, 56565307550
56565307550, 56565407537
56565407537, 56565507539
56565507539, 56565607550
56565607550, 56565707564
56565707564, 56565807567
56565807567, 56565907557
56565907557, 56566007500
56566007500, 56566107530
56566107530, 56566207537
56566207537, 56566307551
56566307551, 56566407538
56566407538, 56566507548
56566507548, 56566607559
56566607559, 56566707541
56566707541, 56566807556
56566807556, 56566907566
56566907566, 56567007501
56567007501, 56567107531
56567107531, 56567207546
56567207546, 56567307548
56567307548, 56567407535
56567407535, 56567507549
56567507549, 56567607560
56567607560, 56567707546
56567707546, 56567807557
56567807557, 56567907563
56567907563, 56568007502
56568007502, 56568107528
56568107528, 56568207531
56568207531, 56568307553
56568307553, 56568407540
56568407540, 56568507551
56568507551, 56568607541
56568607541, 56568707548
56568707548, 56568807562
56568807562, 56568907553
56568907553, 56569007500
56569007500, 56569107534
56569107534, 56569207549
56569207549, 56569307531
56569307531, 56569407542
56569407542, 56569507556
56569507556, 56569607539
56569607539, 56569707553
56569707553, 56569807564
56569807564, 56569907550
56569907550, 56570007501
56570007501, 56570107535
56570107535, 56570207542
56570207542, 56570307532
56570307532, 56570407547
56570407547, 56570507557
56570507557, 56570607548
56570607548, 56570707554
56570707554, 56570807545
56570807545, 56570907559
56570907559, 56571007502
56571007502, 56571107528
56571107528, 56571207531
56571207531, 56571307545
56571307545, 56571407536
56571407536, 56571507550
56571507550, 56571607557
56571607557, 56571707543
56571707543, 56571807558
56571807558, 56571907564
56571907564, 56572007503
56572007503, 56572107533
56572107533, 56572207548
56572207548, 56572307554
56572307554, 56572407545
56572407545, 56572507551
56572507551, 56572607542
56572607542, 56572707556
56572707556, 56572807559
56572807559, 56572907549
56572907549, 56573007500
56573007500, 56573107534
56573107534, 56573207537
56573207537, 56573307551
56573307551, 56573407542
56573407542, 56573507557
56573507557, 56573607539
56573607539, 56573707554
56573707554, 56573807564
56573807564, 56573907551
56573907551, 56574007502
56574007502, 56574107540
56597807558, 56597907564
56597907564, 56598007499
56598007499, 56598107533
56598107533, 56598207536
56598207536, 56598307546
56598307546, 56598407537
56598407537, 56598507547
56598507547, 56598607558
56598607558, 56598707548
56598707548, 56598807559
56598807559, 56598907549
56598907549, 56599007500
56599007500, 56599107530
56599107530, 56599207529
56599207529, 56599307551
56599307551, 56599407538
56599407538, 56599507552
56599507552, 56599607539
56599607539, 56599707553
56599707553, 56599807544
56599807544, 56599907550
56599907550, 56600007501
56600007501, 56600107539
56600107539, 56600207530
56600207530, 56600307536
56600307536, 56600407547
56600407547, 56600507558
56600507558, 56600607544
56600607544, 56600707559
56600707559, 56600807565
56600807565, 56600907556
56600907556, 56601007499
56601007499, 56601107529
56601107529, 56601207544
56601207544, 56601307554
56601307554, 56601407537
56601407537, 56601507547
56601507547, 56601607562
56601607562, 56601707548
56601707548, 56601807559
56601807559, 56601907565
56601907565, 56602007500
56602007500, 56602107542
56602107542, 56602207549
56602207549, 56602307535
56602307535, 56602407550
56602407550, 56602507536
56602507536, 56602607551
56602607551, 56602707541
56602707541, 56602807552
56602807552, 56602907566
56602907566, 56603007497
56603007497, 56603107547
56603107547, 56603207530
56603207530, 56603307540
56603307540, 56603407547
56603407547, 56603507537
56603507537, 56603607548
56603607548, 56603707554
56603707554, 56603807541
56603807541, 56603907551
56603907551, 56604007498
56604007498, 56604107532
56604107532, 56604207539
56604207539, 56604307545
56604307545, 56604407536
56604407536, 56604507543
56604507543, 56604607557
56604607557, 56604707548
56604707548, 56604807554
56604807554, 56604907549
56604907549, 56605007500
56605007500, 56605107530
56605107530, 56605207529
56605207529, 56605307535
56605307535, 56605407546
56605407546, 56605507556
56605507556, 56605607543
56605607543, 56605707549
56605707549, 56605807564
56605807564, 56605907550
56605907550, 56606007501
56606007501, 56606107531
56606107531, 56606207550
56606207550, 56606307540
56606307540, 56606407555
56606407555, 56606507545
56606507545, 56606607556
56606607556, 56606707546
56606707546, 56606807561
56606807561, 56606907567
56606907567, 56607007502
56607007502, 56607107528
56607107528, 56607207531
56607207531, 56607307549
56607307549, 56607407556
56607407556, 56607507546
56607507546, 56607607557
56607607557, 56607707543
56607707543, 56607807558
56607807558, 56607907568
56607907568, 56608007499
56608007499, 56608107537
56608107537, 56608207536
56608207536, 56608307550
56608307550, 56608407541
56608407541, 56608507556
56608507556, 56608607542
56608607542, 56608707557
56608707557, 56608807547
56608807547, 56608907558
56608907558, 56609007501
56609007501, 56609107531
56609107531, 56609207550
56609207550, 56609307552
56609307552, 56609407539
56609407539, 56609507553
56609507553, 56609607544
56609607544, 56609707550
56609707550, 56609807565
56609807565, 56609907559
56609907559, 56610007502
56610007502, 56610107532
56623007498, 56623107528
56623107528, 56623207539
56623207539, 56623307545
56623307545, 56623407536
56623407536, 56623507550
56623507550, 56623607537
56623607537, 56623707551
56623707551, 56623807542
56623807542, 56623907548
56623907548, 56624007499
56624007499, 56624107533
56624107533, 56624207544
56624207544, 56624307550
56624307550, 56624407541
56624407541, 56624507551
56624507551, 56624607542
56624607542, 56624707560
56624707560, 56624807547
56624807547, 56624907561
56624907561, 56625007500
56625007500, 56625107534
56625107534, 56625207537
56625207537, 56625307551
56625307551, 56625407542
56625407542, 56625507556
56625507556, 56625607543
56625607543, 56625707561
56625707561, 56625807556
56625807556, 56625907566
56625907566, 56626007501
56626007501, 56626107535
56626107535, 56626207542
56626207542, 56626307552
56626307552, 56626407543
56626407543, 56626507554
56626507554, 56626607544
56626607544, 56626707563
56626707563, 56626807545
56626807545, 56626907560
56626907560, 56627007503
56627007503, 56627107529
56627107529, 56627207552
56627207552, 56627307550
56627307550, 56627407557
56627407557, 56627507547
56627507547, 56627607550
56627607550, 56627707544
56627707544, 56627807559
56627807559, 56627907565
56627907565, 56628007500
56628007500, 56628107530
56628107530, 56628207529
56628207529, 56628307551
56628307551, 56628407542
56628407542, 56628507552
56628507552, 56628607539
56628607539, 56628707553
56628707553, 56628807560
56628807560, 56628907550
56628907550, 56629007501
56629007501, 56629107551
56629107551, 56629207530
56629207530, 56629307548
56629307548, 56629407555
