# from_timestamp_us, to_timestamp_us
41427800384, 41427900386
41427900386, 41428000333
41428000333, 41428100384
41428100384, 41428200366
41428200366, 41428300380
41428300380, 41428400379
41428400379, 41428500381
41428500381, 41428600383
41428600383, 41428700378
41428700378, 41428800380
41428800380, 41428900377
41428900377, 41429000318
41429000318, 41429100347
41429100347, 41429200353
41429200353, 41429300340
41429300340, 41429400341
41429400341, 41429500336
41429500336, 41429600340
41429600340, 41429700340
41429700340, 41429800340
41429800340, 41429900344
41429900344, 41430000288
41430000288, 41430100330
41430100330, 41430200326
41430200326, 41430300316
41430300316, 41430400337
41430400337, 41430500317
41430500317, 41430600322
41430600322, 41430700338
41430700338, 41430800343
41430800343, 41430900325
41430900325, 41431000277
41431000277, 41431100303
41431100303, 41431200318
41431200318, 41431300310
41431300310, 41431400316
41431400316, 41431500321
41431500321, 41431600324
41431600324, 41431700334
41431700334, 41431800339
41431800339, 41431900350
41431900350, 41432000306
41432000306, 41432100354
41432100354, 41432200357
41432200357, 41432300352
41432300352, 41432400380
41432400380, 41432500370
41432500370, 41432600389
41432600389, 41432700394
41432700394, 41432800403
41432800403, 41432900414
41432900414, 41433000358
41433000358, 41433100398
41433100398, 41433200416
41433200416, 41433300414
41433300414, 41433400426
41433400426, 41433500440
41433500440, 41433600441
41433600441, 41433700452
41433700452, 41433800462
41433800462, 41433900464
41433900464, 41434000407
41434000407, 41434100460
41434100460, 41434200444
41434200444, 41434300434
41434300434, 41434400449
41434400449, 41434500428
41434500428, 41434600433
41434600433, 41434700453
41434700453, 41434800443
41434800443, 41434900452
41434900452, 41435000404
41435000404, 41435100430
41435100430, 41435200440
41435200440, 41435300435
41435300435, 41435400444
41435400444, 41435500450
41435500450, 41435600442
41435600442, 41435700437
41435700437, 41435800444
41435800444, 41435900438
41435900438, 41436000387
41436000387, 41436100430
41436100430, 41436200427
41436200427, 41436300432
41436300432, 41436400434
41436400434, 41436500434
41436500434, 41436600432
41436600432, 41436700435
41436700435, 41436800439
41436800439, 41436900446
41436900446, 41437000408
41437000408, 41437100469
41437100469, 41437200462
41437200462, 41437300485
41437300485, 41437400494
41437400494, 41437500495
41437500495, 41437600490
41437600490, 41437700491
41437700491, 41437800492
41437800492, 41437900487
41437900487, 41438000424
41438000424, 41438100449
41438100449, 41438200454
41438200454, 41438300453
41438300453, 41438400458
41438400458, 41438500462
41438500462, 41438600474
41438600474, 41438700483
41438700483, 41438800488
41438800488, 41438900494
41438900494, 41439000445
41439000445, 41439100471
41439100471, 41439200489
41439200489, 41439300497
41439300497, 41439400468
41439400468, 41439500460
41439500460, 41439600474
41439600474, 41439700451
41439700451, 41439800453
41439800453, 41439900475
41439900475, 41440000406
41440000406, 41440100432
41440100432, 41440200446
41440200446, 41440300437
41440300437, 41440400443
41440400443, 41440500464
41440500464, 41440600446
41440600446, 41440700456
41440700456, 41440800476
41440800476, 41440900478
41440900478, 41441000412
41441000412, 41441100440
41441100440, 41441200452
41441200452, 41441300466
41441300466, 41441400472
41441400472, 41441500475
41441500475, 41441600461
41441600461, 41441700458
41441700458, 41441800462
41441800462, 41441900459
41441900459, 41442000404
41442000404, 41442100425
41442100425, 41442200434
41442200434, 41442300438
41442300438, 41442400415
41442400415, 41442500434
41442500434, 41442600414
41442600414, 41442700412
41442700412, 41442800408
41442800408, 41442900408
41442900408, 41443000346
41443000346, 41443100381
41443100381, 41443200360
41443200360, 41443300361
41443300361, 41443400348
41443400348, 41443500340
41443500340, 41443600334
41443600334, 41443700326
41443700326, 41443800322
41443800322, 41443900314
41443900314, 41444000240
41444000240, 41444100282
41444100282, 41444200265
41444200265, 41444300258
41444300258, 41444400254
41444400254, 41444500248
41444500248, 41444600248
41444600248, 41444700250
41444700250, 41444800247
41444800247, 41444900246
41444900246, 41445000183
41445000183, 41445100208
41445100208, 41445200226
41445200226, 41445300212
41445300212, 41445400214
41445400214, 41445500220
41445500220, 41445600232
41445600232, 41445700236
41445700236, 41445800249
41445800249, 41445900254
41445900254, 41446000194
41446000194, 41446100236
41446100236, 41446200254
41446200254, 41446300269
41446300269, 41446400259
41446400259, 41446500275
41446500275, 41446600280
41446600280, 41446700294
41446700294, 41446800309
41446800309, 41446900314
41446900314, 41447000270
41447000270, 41447100317
41447100317, 41447200318
41447200318, 41447300320
41447300320, 41447400320
41447400320, 41447500323
41447500323, 41447600325
41447600325, 41447700344
41447700344, 41447800332
41447800332, 41447900342
41447900342, 41448000294
41448000294, 41448100329
41448100329, 41448200339
41448200339, 41448300361
41448300361, 41448400370
41448400370, 41448500379
41448500379, 41448600384
41448600384, 41448700395
41448700395, 41448800404
41448800404, 41448900407
41448900407, 41449000351
41449000351, 41449100383
41449100383, 41449200401
41449200401, 41449300413
41449300413, 41449400422
41449400422, 41449500422
41449500422, 41449600429
41449600429, 41449700431
41449700431, 41449800430
41449800430, 41449900435
41449900435, 41450000363
41450000363, 41450100391
41450100391, 41450200385
41450200385, 41450300388
41450300388, 41450400392
41450400392, 41450500400
41450500400, 41450600398
41450600398, 41450700398
41450700398, 41450800404
41450800404, 41450900399
41450900399, 41451000344
41451000344, 41451100368
41451100368, 41451200379
41451200379, 41451300354
41451300354, 41451400352
41451400352, 41451500343
41451500343, 41451600342
41451600342, 41451700336
41451700336, 41451800332
41451800332, 41451900331
41451900331, 41452000267
41452000267, 41452100294
41452100294, 41452200294
41452200294, 41452300278
41452300278, 41452400274
41452400274, 41452500275
41452500275, 41452600270
41452600270, 41452700270
41452700270, 41452800274
41452800274, 41452900272
41452900272, 41453000226
41453000226, 41453100252
41453100252, 41453200258
41453200258, 41453300276
41453300276, 41453400259
41453400259, 41453500281
41453500281, 41453600286
41453600286, 41453700270
41462000306, 41462100330
41462100330, 41462200341
41462200341, 41462300351
41462300351, 41462400354
41462400354, 41462500356
41462500356, 41462600364
41462600364, 41462700362
41462700362, 41462800364
41462800364, 41462900366
41462900366, 41463000300
41463000300, 41463100325
41463100325, 41463200335
41463200335, 41463300350
41463300350, 41463400332
41463400332, 41463500338
41463500338, 41463600331
41463600331, 41463700331
41463700331, 41463800338
41463800338, 41463900336
41463900336, 41464000291
41464000291, 41464100321
41464100321, 41464200323
41464200323, 41464300342
41464300342, 41464400326
41464400326, 41464500348
41464500348, 41464600358
41464600358, 41464700345
41464700345, 41464800375
41464800375, 41464900366
41464900366, 41465000332
41465000332, 41465100373
41465100373, 41465200403
41465200403, 41465300412
41465300412, 41465400424
41465400424, 41465500434
41465500434, 41465600432
41465600432, 41465700438
41465700438, 41465800414
41465800414, 41465900408
41465900408, 41466000355
41466000355, 41466100386
41466100386, 41466200384
41466200384, 41466300387
41466300387, 41466400393
41466400393, 41466500395
41466500395, 41466600401
41466600401, 41466700408
41466700408, 41466800408
41466800408, 41466900414
41466900414, 41467000364
41467000364, 41467100410
41467100410, 41467200406
41467200406, 41467300418
41467300418, 41467400418
41467400418, 41467500427
41467500427, 41467600434
41467600434, 41467700436
41467700436, 41467800427
41467800427, 41467900428
41467900428, 41468000383
41468000383, 41468100414
41468100414, 41468200426
41468200426, 41468300439
41468300439, 41468400444
41468400444, 41468500442
41468500442, 41468600446
41468600446, 41468700452
41468700452, 41468800451
41468800451, 41468900456
41468900456, 41469000396
41469000396, 41469100442
41469100442, 41469200434
41469200434, 41469300440
41469300440, 41469400433
41469400433, 41469500430
41469500430, 41469600400
41469600400, 41469700411
41469700411, 41469800384
41469800384, 41469900375
41469900375, 41470000306
41470000306, 41470100318
41470100318, 41470200327
41470200327, 41470300317
41470300317, 41470400286
41470400286, 41470500280
41470500280, 41470600278
41470600278, 41470700276
41470700276, 41470800275
41470800275, 41470900276
41470900276, 41471000226
41471000226, 41471100254
41471100254, 41471200272
41471200272, 41471300260
41471300260, 41471400258
41471400258, 41471500251
41471500251, 41471600246
41471600246, 41471700232
41471700232, 41471800222
41471800222, 41471900214
41471900214, 41472000147
41472000147, 41472100166
41472100166, 41472200170
41472200170, 41472300151
41472300151, 41472400156
41472400156, 41472500153
41472500153, 41472600150
41472600150, 41472700150
41472700150, 41472800156
41472800156, 41472900157
41472900157, 41473000090
41473000090, 41473100116
41473100116, 41473200116
41473200116, 41473300122
41473300122, 41473400118
41473400118, 41473500124
41473500124, 41473600124
41473600124, 41473700126
41473700126, 41473800134
41473800134, 41473900138
41473900138, 41474000081
41474000081, 41474100107
41474100107, 41474200109
41474200109, 41474300112
41474300112, 41474400118
41474400118, 41474500125
41474500125, 41474600127
41474600127, 41474700133
41474700133, 41474800136
41474800136, 41474900134
41474900134, 41475000077
41475000077, 41475100107
41475100107, 41475200117
41475200117, 41475300112
41475300112, 41475400110
41475400110, 41475500121
41475500121, 41475600127
41475600127, 41475700129
41475700129, 41475800135
41475800135, 41475900140
41475900140, 41476000074
41476000074, 41476100102
41476100102, 41476200120
41476200120, 41476300107
41476300107, 41476400114
41476400114, 41476500125
41476500125, 41476600122
41476600122, 41476700122
41476700122, 41476800126
41476800126, 41476900124
41476900124, 41477000070
41477000070, 41477100095
41477100095, 41477200097
41477200097, 41477300099
41477300099, 41477400101
41477400101, 41477500124
41477500124, 41477600106
41477600106, 41477700112
41477700112, 41477800115
41477800115, 41477900118
41477900118, 41478000069
41478000069, 41478100106
41478100106, 41478200125
41478200125, 41478300120
41478300120, 41478400133
41478400133, 41478500144
41478500144, 41478600140
41478600140, 41478700144
41478700144, 41478800151
41478800151, 41478900152
41478900152, 41479000106
41479000106, 41479100142
41479100142, 41479200150
41479200150, 41479300145
41479300145, 41479400147
41479400147, 41479500146
41479500146, 41479600148
41479600148, 41479700150
41479700150, 41479800153
41479800153, 41479900155
41479900155, 41480000104
41480000104, 41480100148
41480100148, 41480200136
41480200136, 41480300136
41480300136, 41480400134
41480400134, 41480500136
41480500136, 41480600166
41480600166, 41480700160
41480700160, 41480800144
41480800144, 41480900166
41480900166, 41481000100
41481000100, 41481100129
41481100129, 41481200128
41481200128, 41481300131
41481300131, 41481400136
41481400136, 41481500131
41481500131, 41481600136
41481600136, 41481700136
41481700136, 41481800132
41481800132, 41481900136
41481900136, 41482000084
41482000084, 41482100129
41482100129, 41482200128
41482200128, 41482300111
41482300111, 41482400113
41482400113, 41482500120
41482500120, 41482600126
41482600126, 41482700126
41482700126, 41482800130
41482800130, 41482900138
41482900138, 41483000083
41483000083, 41483100112
41483100112, 41483200119
41483200119, 41483300139
41483300139, 41483400125
41483400125, 41483500150
41483500150, 41483600140
41483600140, 41483700144
41483700144, 41483800149
41483800149, 41483900153
41483900153, 41484000108
41484000108, 41484100154
41484100154, 41484200144
41484200144, 41484300142
41484300142, 41484400165
41484400165, 41484500151
41484500151, 41484600160
41484600160, 41484700166
41484700166, 41484800170
41484800170, 41484900172
41484900172, 41485000119
41485000119, 41485100148
41485100148, 41485200156
41485200156, 41485300150
41485300150, 41485400156
41485400156, 41485500162
41485500162, 41485600158
41485600158, 41485700163
41485700163, 41485800170
41485800170, 41485900168
41485900168, 41486000111
41486000111, 41486100157
41486100157, 41486200150
41486200150, 41486300153
41486300153, 41486400157
41486400157, 41486500163
41486500163, 41486600165
41486600165, 41486700170
41486700170, 41486800170
41486800170, 41486900172
41486900172, 41487000114
41487000114, 41487100141
41487100141, 41487200157
41487200157, 41487300144
41487300144, 41487400150
41487400150, 41487500150
41487500150, 41487600143
41487600143, 41487700143
41487700143, 41487800142
41487800142, 41487900139
41487900139, 41488000082
41488000082, 41488100126
41488100126, 41488200103
41488200103, 41488300108
41488300108, 41488400103
41488400103, 41488500107
41488500107, 41488600114
41488600114, 41488700114
41488700114, 41488800118
41488800118, 41488900124
41488900124, 41489000059
41489000059, 41489100082
41489100082, 41489200083
41489200083, 41489300086
41489300086, 41489400090
41489400090, 41489500096
41489500096, 41489600094
41489600094, 41489700100
41489700100, 41489800105
41489800105, 41489900100
41489900100, 41490000043
41490000043, 41490100076
41490100076, 41490200083
41490200083, 41490300080
41490300080, 41490400080
41490400080, 41490500083
41490500083, 41490600093
41490600093, 41490700095
41490700095, 41490800094
41490800094, 41490900100
41490900100, 41491000034
41491000034, 41491100066
41491100066, 41491200071
41491200071, 41491300064
41491300064, 41491400068
41491400068, 41491500079
41491500079, 41491600076
41491600076, 41491700082
41491700082, 41491800069
41491800069, 41491900091
41491900091, 41492000026
41492000026, 41492100056
41492100056, 41492200074
41492200074, 41492300065
41492300065, 41492400071
41492400071, 41492500070
41492500070, 41492600080
41492600080, 41492700086
41492700086, 41492800089
41492800089, 41492900075
41492900075, 41493000022
41493000022, 41493100072
41493100072, 41493200058
41493200058, 41493300057
41493300057, 41493400059
41493400059, 41493500067
41493500067, 41493600065
41493600065, 41493700072
41493700072, 41493800081
41493800081, 41493900084
41493900084, 41494000031
41494000031, 41494100074
41494100074, 41494200072
41494200072, 41494300090
41494300090, 41494400102
41494400102, 41494500102
41494500102, 41494600108
41494600108, 41494700095
41494700095, 41494800104
41494800104, 41494900116
41494900116, 41495000058
41495000058, 41495100111
41495100111, 41495200112
41495200112, 41495300113
41495300113, 41495400119
41495400119, 41495500106
41495500106, 41495600115
41495600115, 41495700120
41495700120, 41495800109
41495800109, 41495900118
41495900118, 41496000056
41496000056, 41496100094
41496100094, 41496200086
41496200086, 41496300104
41496300104, 41496400091
41496400091, 41496500097
41496500097, 41496600106
41496600106, 41496700094
41496700094, 41496800105
41496800105, 41496900095
41496900095, 41497000048
41497000048, 41497100102
41497100102, 41497200108
41497200108, 41497300107
41497300107, 41497400117
41497400117, 41497500136
41497500136, 41497600154
41497600154, 41497700141
41497700141, 41497800157
41497800157, 41497900173
41497900173, 41498000112
41498000112, 41498100147
41498100147, 41498200142
41498200142, 41498300161
41498300161, 41498400151
41498400151, 41498500162
41498500162, 41498600164
41498600164, 41498700174
41498700174, 41498800189
41498800189, 41498900163
41498900163, 41499000114
41499000114, 41499100160
41499100160, 41499200158
41499200158, 41499300155
41499300155, 41499400158
41499400158, 41499500144
41499500144, 41499600150
41499600150, 41499700152
41499700152, 41499800163
41499800163, 41499900171
41499900171, 41500000109
41500000109, 41500100143
41500100143, 41500200153
41500200153, 41500300151
