# from_timestamp_us, to_timestamp_us
57172807637, 57172707635
57172907639, 57172807637
57173007578, 57172907639
57173107608, 57173007578
57173207634, 57173107608
57173307620, 57173207634
57173407622, 57173307620
57173507613, 57173407622
57173607643, 57173507613
57173707621, 57173607643
57173807643, 57173707621
57173907645, 57173807643
57174007576, 57173907645
57174107626, 57174007576
57174207616, 57174107626
57174307618, 57174207616
57174407617, 57174307618
57174507619, 57174407617
57174607621, 57174507619
57174707644, 57174607621
57174807646, 57174707644
57174907624, 57174807646
57175007575, 57174907624
57175107629, 57175007575
57175207611, 57175107629
57175307617, 57175207611
57175407619, 57175307617
57175507618, 57175407619
57175607640, 57175507618
57175707642, 57175607640
57175807624, 57175707642
57175907638, 57175807624
57176007573, 57175907638
57176107631, 57176007573
57176207613, 57176107631
57176307619, 57176207613
57176407617, 57176307619
57176507620, 57176407617
57176607622, 57176507620
57176707620, 57176607622
57176807622, 57176707620
57176907624, 57176807622
57177007567, 57176907624
57177107621, 57177007567
57177207599, 57177107621
57177307609, 57177207599
57177407612, 57177307609
57177507610, 57177407612
57177607628, 57177507610
57177707631, 57177607628
57177807613, 57177707631
57177907631, 57177807613
57178007566, 57177907631
57178107600, 57178007566
57178207598, 57178107600
57178307616, 57178207598
57178407618, 57178307616
57178507613, 57178407618
57178607619, 57178507613
57178707617, 57178607619
57178807615, 57178707617
57178907617, 57178807615
57179007564, 57178907617
57179107598, 57179007564
57179207608, 57179107598
57179307610, 57179207608
57179407609, 57179307610
57179507611, 57179407609
57179607605, 57179507611
57179707604, 57179607605
57179807610, 57179707604
57179907608, 57179807610
57180007563, 57179907608
57180107593, 57180007563
57180207603, 57180107593
57180307613, 57180207603
57180407615, 57180307613
57180507610, 57180407615
57180607616, 57180507610
57180707618, 57180607616
57180807612, 57180707618
57180907614, 57180807612
57181007557, 57180907614
57181107595, 57181007557
57181207609, 57181107595
57181307615, 57181207609
57181407613, 57181307615
57181507592, 57181407613
57181607614, 57181507592
57181707616, 57181607614
57181807618, 57181707616
57181907612, 57181807618
57182007555, 57181907612
57182107585, 57182007555
57182207603, 57182107585
57182307609, 57182207603
57182407588, 57182307609
57182507610, 57182407588
57182607612, 57182507610
57182707615, 57182607612
57182807609, 57182707615
57182907615, 57182807609
57183007554, 57182907615
57183107580, 57183007554
57183207582, 57183107580
57183307604, 57183207582
57183407598, 57183307604
57183507601, 57183407598
57183607603, 57183507601
57183707597, 57183607603
57183807599, 57183707597
57183907621, 57183807599
57184007548, 57183907621
57184107578, 57184007548
57184207580, 57184107578
57184307594, 57184207580
57184407597, 57184307594
57184507595, 57184407597
57184607597, 57184507595
57184707600, 57184607597
57184807598, 57184707600
57184907600, 57184807598
57185007547, 57184907600
57185107593, 57185007547
57185207591, 57185107593
57185307593, 57185207591
57185407587, 57185307593
57185507594, 57185407587
57185607596, 57185507594
57185707590, 57185607596
57185807592, 57185707590
57185907594, 57185807592
57186007545, 57185907594
57186107575, 57186007545
57186207589, 57186107575
57186307595, 57186207589
57186407597, 57186307595
57186507600, 57186407597
57186607598, 57186507600
57186707600, 57186607598
57186807598, 57186707600
57186907600, 57186807598
57187007539, 57186907600
57187107569, 57187007539
57187207571, 57187107569
57187307569, 57187207571
57187407588, 57187307569
57187507590, 57187407588
57187607596, 57187507590
57187707591, 57187607596
57187807593, 57187707591
57187907599, 57187807593
57188007542, 57187907599
57188107576, 57188007542
57188207586, 57188107576
57188307592, 57188207586
57188407594, 57188307592
57188507597, 57188407594
57188607595, 57188507597
57188707593, 57188607595
57188807599, 57188707593
57188907593, 57188807599
57189007536, 57188907593
57189107582, 57189007536
57189207568, 57189107582
57189307578, 57189207568
57189407577, 57189307578
57189507579, 57189407577
57189607581, 57189507579
57189707576, 57189607581
57189807578, 57189707576
57189907580, 57189807578
57190007535, 57189907580
57190107561, 57190007535
57190207571, 57190107561
57190307581, 57190207571
57190407583, 57190307581
57190507590, 57190407583
57190607588, 57190507590
57190707590, 57190607588
57190807592, 57190707590
57190907590, 57190807592
57191007529, 57190907590
57191107579, 57191007529
57191207573, 57191107579
57191307571, 57191207573
57191407577, 57191307571
57191507572, 57191407577
57191607574, 57191507572
57191707568, 57191607574
57191807574, 57191707568
57191907576, 57191807574
57192007527, 57191907576
57192107557, 57192007527
57192207555, 57192107557
57192307573, 57192207555
57192407576, 57192307573
57192507578, 57192407576
57192607580, 57192507578
57192707583, 57192607580
57192807589, 57192707583
57192907591, 57192807589
57193007526, 57192907591
57193107556, 57193007526
57193207562, 57193107556
57193307556, 57193207562
57193407562, 57193307556
57193507561, 57193407562
57193607563, 57193507561
57193707569, 57193607563
57193807567, 57193707569
57193907573, 57193807567
57194007520, 57193907573
57194107550, 57194007520
57194207552, 57194107550
57194307578, 57194207552
57194407553, 57194307578
57194507559, 57194407553
57194607557, 57194507559
57194707560, 57194607557
57194807562, 57194707560
57194907584, 57194807562
57195007519, 57194907584
57195107545, 57195007519
57195207555, 57195107545
57195307569, 57195207555
57195407551, 57195307569
57195507570, 57195407551
57195607568, 57195507570
57195707570, 57195607568
57195807564, 57195707570
57195907570, 57195807564
57196007517, 57195907570
57196107559, 57196007517
57196207565, 57196107559
57196307555, 57196207565
57196407549, 57196307555
57196507556, 57196407549
57196607558, 57196507556
57196707576, 57196607558
57196807578, 57196707576
57196907580, 57196807578
57197007511, 57196907580
57197107541, 57197007511
57197207559, 57197107541
57197307561, 57197207559
57197407564, 57197307561
57197507562, 57197407564
57197607564, 57197507562
57197707567, 57197607564
57197807565, 57197707567
57197907567, 57197807565
57198007510, 57197907567
57198107536, 57198007510
57198207558, 57198107536
57198307540, 57198207558
57198407562, 57198307540
57198507545, 57198407562
57198607551, 57198507545
57198707549, 57198607551
57198807571, 57198707549
57198907573, 57198807571
57199007508, 57198907573
57199107534, 57199007508
57199207544, 57199107534
57199307558, 57199207544
57199407541, 57199307558
57199507567, 57199407541
57199607565, 57199507567
57199707568, 57199607565
57199807566, 57199707568
57199907568, 57199807566
57200007507, 57199907568
57200107553, 57200007507
57200207551, 57200107553
57200307557, 57200207551
57200407555, 57200307557
57200507558, 57200407555
57200607564, 57200507558
57200707562, 57200607564
57200807564, 57200707562
57200907570, 57200807564
57201007501, 57200907570
57201107531, 57201007501
57201207549, 57201107531
57201307551, 57201207549
57201407533, 57201307551
57201507540, 57201407533
57201607538, 57201507540
57201707544, 57201607538
57201807546, 57201707544
57201907548, 57201807546
57202007499, 57201907548
57202107525, 57202007499
57202207547, 57202107525
57202307529, 57202207547
57202407552, 57202307529
57202507534, 57202407552
57202607540, 57202507534
57202707559, 57202607540
57202807561, 57202707559
57202907563, 57202807561
57203007498, 57202907563
57203107524, 57203007498
57203207530, 57203107524
57203307544, 57203207530
57203407550, 57203307544
57203507533, 57203407550
57203607555, 57203507533
57203707537, 57203607555
57203807539, 57203707537
57203907557, 57203807539
57204007492, 57203907557
57204107522, 57204007492
57204207532, 57204107522
57204307542, 57204207532
57204407545, 57204307542
57204507543, 57204407545
57204607545, 57204507543
57204707540, 57204607545
57204807538, 57204707540
57204907544, 57204807538
57205007491, 57204907544
57205107517, 57205007491
57205207527, 57205107517
57205307533, 57205207527
57205407535, 57205307533
57205507542, 57205407535
57205607540, 57205507542
57205707542, 57205607540
57205807548, 57205707542
57205907546, 57205807548
57206007489, 57205907546
57206107519, 57206007489
57206207517, 57206107519
57206307539, 57206207517
57206407541, 57206307539
57206507540, 57206407541
57206607546, 57206507540
57206707528, 57206607546
57206807550, 57206707528
57206907552, 57206807550
57207007483, 57206907552
57207107513, 57207007483
57207207531, 57207107513
57207307513, 57207207531
57207407520, 57207307513
57207507526, 57207407520
57207607524, 57207507526
57207707531, 57207607524
57207807533, 57207707531
57207907531, 57207807533
57208007482, 57207907531
57208107516, 57208007482
57208207522, 57208107516
57208307516, 57208207522
57208407522, 57208307516
57208507521, 57208407522
57208607523, 57208507521
57208707529, 57208607523
57208807527, 57208707529
57208907529, 57208807527
57209007480, 57208907529
57209107506, 57209007480
57209207524, 57209107506
57209307530, 57209207524
57209407529, 57209307530
57209507531, 57209407529
57209607537, 57209507531
57209707536, 57209607537
57209807542, 57209707536
57209907548, 57209807542
57210007479, 57209907548
57210107509, 57210007479
57210207523, 57210107509
57210307509, 57210207523
57210407511, 57210307509
57210507514, 57210407511
57210607520, 57210507514
57210707526, 57210607520
57210807524, 57210707526
57210907526, 57210807524
57211007473, 57210907526
57211107519, 57211007473
57211207505, 57211107519
57211307523, 57211207505
57211407521, 57211307523
57211507528, 57211407521
57211607510, 57211507528
57211707528, 57211607510
57211807534, 57211707528
57211907520, 57211807534
57212007471, 57211907520
57212107501, 57212007471
57212207519, 57212107501
57212307505, 57212207519
57212407508, 57212307505
57212507506, 57212407508
57212607512, 57212507506
57212707515, 57212607512
57212807513, 57212707515
57212907519, 57212807513
57213007470, 57212907519
57213107516, 57213007470
57213207502, 57213107516
57213307500, 57213207502
57213407522, 57213307500
57213507505, 57213407522
57213607511, 57213507505
57213707509, 57213607511
57213807515, 57213707509
57213907525, 57213807515
57214007468, 57213907525
57214107518, 57214007468
57214207500, 57214107518
57214307514, 57214207500
57214407521, 57214307514
57214507503, 57214407521
57214607525, 57214507503
57214707508, 57214607525
57214807514, 57214707508
57214907512, 57214807514
57215007463, 57214907512
57215107493, 57215007463
57215207515, 57215107493
57215307513, 57215207515
57215407507, 57215307513
57215507510, 57215407507
57215607512, 57215507510
57215707506, 57215607512
57215807508, 57215707506
57215907514, 57215807508
57216007461, 57215907514
57216107511, 57216007461
57216207497, 57216107511
57216307507, 57216207497
57216407509, 57216307507
57216507516, 57216407509
57216607510, 57216507516
57216707512, 57216607510
