41776100175
41776150172
41776200158
41776250171
41776300176
41776350170
41776400171
41776450172
41776500174
41776550175
41776600176
41776650173
41776700175
41776750176
41776800176
41776850178
41776900179
41776950176
41777000123
41777050164
41777100150
41777150149
41777200170
41777250166
41777300169
41777350152
41777400156
41777450158
41777500187
41777550161
41777600163
41777650166
41777700167
41777750172
41777800190
41777850191
41777900172
41777950177
41778000127
41778050164
41778100173
41778150170
41778200176
41778250177
41778300178
41778350180
41778400173
41778450178
41778500180
41778550181
41778600186
41778650187
41778700185
41778750190
41778800187
41778850193
41778900194
41778950187
41779000125
41779050162
41779100155
41779150152
41779200154
41779250155
41779300156
41779350155
41779400161
41779450161
41779500162
41779550159
41779600165
41779650166
41779700171
41779750172
41779800174
41779850171
41779900176
41779950177
41780000123
41780050160
41780100173
41780150170
41780200168
41780250173
41780300154
41780350156
41780400177
41780450178
41780500160
41780550161
41780600166
41780650167
41780700166
41780750171
41780800176
41780850178
41780900183
41780950184
41781000126
41781050163
41781100156
41781150153
41781200159
41781250164
41781300161
41781350164
41781400166
41781450167
41781500172
41781550165
41781600171
41781650172
41781700173
41781750178
41781800180
41781850177
41781900178
41781950183
41782000125
41782050162
41782100155
41782150172
41782200170
41782250175
41782300156
41782350158
41782400187
41782450160
41782500166
41782550167
41782600168
41782650169
41782700191
41782750188
41782800189
41782850191
41782900192
41782950193
41783000127
41783050164
41783100157
41783150178
41783200160
41783250157
41783300174
41783350175
41783400177
41783450178
41783500179
41783550180
41783600174
41783650175
41783700176
41783750177
41783800183
41783850184
41783900181
41783950182
41784000124
41784050161
41784100154
41784150171
41784200161
41784250174
41784300175
41784350177
41784400158
41784450175
41784500177
41784550178
41784600179
41784650180
41784700182
41784750179
41784800180
41784850186
41784900187
41784950188
41785000126
41785050163
41785100156
41785150153
41785200163
41785250156
41785300177
41785350178
41785400160
41785450161
41785500166
41785550167
41785600165
41785650166
41785700171
41785750172
41785800174
41785850175
41785900172
41785950177
41786000123
41786050164
41786100157
41786150154
41786200168
41786250173
41786300154
41786350156
41786400161
41786450158
41786500164
41786550165
41786600166
41786650167
41786700169
41786750166
41786800167
41786850169
41786900174
41786950175
41787000125
41787050158
41787100151
41787150152
41787200174
41787250175
41787300156
41787350178
41787400159
41787450160
41787500162
41787550167
41787600168
41787650165
41787700171
41787750172
41787800173
41787850175
41787900172
41787950173
41788000127
41788050164
41788100157
41788150154
41788200176
41788250173
41788300174
41788350175
41788400181
41788450182
41788500179
41788550180
41788600186
41788650187
41788700168
41788750169
41788800191
41788850192
41788900173
41788950178
41789000124
41789050153
41789100170
41789150167
41789200165
41789250166
41789300171
41789350165
41789400170
41789450171
41789500177
41789550178
41789600179
41789650176
41789700182
41789750183
41789800184
41789850186
41789900191
41789950188
41790000126
41790050159
41790100152
41790150177
41790200167
41790250172
41790300173
41790350178
41790400180
41790450161
41790500182
41790550183
41790600165
41790650166
41790700171
41790750172
41790800170
41790850175
41790900176
41790950177
41791000123
41791050160
41791100173
41791150168
41791200165
41791250150
41791300154
41791350156
41791400157
41791450158
41791500164
41791550169
41791600170
41791650163
41791700169
41791750170
41791800171
41791850173
41791900178
41791950171
41792000121
41792050152
41792100146
41792150146
41792200160
41792250170
41792300170
41792350152
41792400158
41792450158
41792500164
41792550156
41792600162
41792650164
41792700168
41792750170
41792800176
41792850172
41792900174
41792950178
41793000120
41793050162
41793100146
41793150172
41793200150
41793250154
41793300156
41793350158
41793400154
41793450160
41793500167
41793550168
41793600173
41793650174
41793700172
41793750177
41793800178
41793850180
41793900181
41793950186
41794000120
41794050165
41794100158
41794150155
41794200161
41794250154
41794300155
41794350156
41794400158
41794450163
41794500165
41794550162
41794600164
41794650169
41794700172
41794750174
41794800176
41794850174
41794900180
41794950183
41795000130
41795050168
41795100158
41795150180
41795200183
41795250164
41795300166
41795350172
41795400198
41795450174
41795500180
41795550187
41795600188
41795650194
41795700188
41795750189
41795800190
41795850193
41795900194
41795950195
41796000145
41796050178
41796100191
41796150188
41796200194
41796250195
41796300188
41796350189
41796400191
41796450192
41796500193
41796550193
41796600190
41796650188
41796700192
41796750191
41796800193
41796850193
41796900190
41796950191
41797000133
41797050169
41797100162
41797150179
41797200169
41797250182
41797300163
41797350185
41797400166
41797450184
41797500190
41797550191
41797600200
41797650173
41797700175
41797750200
41797800201
41797850207
41797900180
41797950181
41798000135
41798050172
41798100161
41798150186
41798200179
41798250162
41798300182
41798350184
41798400184
41798450185
41798500195
41798550192
41798600185
41798650194
41798700196
41798750173
41798800174
41798850177
41798900203
41798950208
41799000130
41799050169
41799100164
41799150188
41799200177
41799250191
41799300175
41799350177
41799400182
41799450214
41799500184
41799550184
41799600190
41799650192
41799700192
41799750191
41799800193
41799850198
41799900199
41799950200
41800000150
41800050183
41800100176
41800150201
41800200191
41800250180
41800300185
41800350183
41800400190
41800450192
41800500199
41800550200
41800600201
41800650198
41800700200
41800750209
41800800214
41800850217
41800900214
41800950219
41801000157
41801050194
41801100187
41801150184
41801200194
41801250215
41801300188
41801350193
41801400195
41801450200
41801500197
41801550201
41801600207
41801650211
41801700216
41801750217
41801800219
41801850222
41801900228
41801950230
41802000158
41802050189
41802100215
41802150206
41802200200
41802250219
41802300220
41802350219
41802400222
41802450224
41802500227
41802550232
41802600233
41802650230
41802700232
41802750237
41802800238
41802850240
41802900241
41802950238
41803000172
41803050209
41803100202
41803150203
41803200229
41803250202
41803300207
41803350212
41803400222
41803450223
41803500224
41803550225
41803600231
41803650232
41803700237
41803750238
41803800236
41803850237
41803900238
41803950239
41804000169
41804050206
41804100195
41804150224
41804200218
41804250199
41804300204
41804350206
41804400203
41804450208
41804500214
41804550219
41804600220
41804650216
41804700218
41804750220
41804800221
41804850227
41804900226
41804950223
41805000163
41805050212
41805100205
41805150205
41805200195
41805250204
41805300209
41805350209
41805400213
41805450217
41805500217
41805550212
41805600217
41805650221
41805700196
41805750200
41805800226
41805850202
41805900202
41805950205
41806000147
41806050187
41806100198
41806150188
41806200190
41806250198
41806300202
41806350179
41806400198
41806450202
41806500177
41806550181
41806600179
41806650182
41806700178
41806750182
41806800184
41806850188
41806900188
41806950187
41807000116
41807050161
41807100152
41807150153
41807200155
41807250152
41807300153
41807350159
41807400160
41807450165
41807500169
41807550167
41807600173
41807650176
41807700183
41807750184
41807800192
41807850192
41807900200
41807950204
41808000136
41808050186
41808100181
41808150180
41808200202
41808250194
41808300202
41808350208
41808400212
41808450212
41808500214
41808550214
41808600220
41808650224
41808700221
41808750221
41808800226
41808850225
41808900226
41808950207
41809000157
41809050198
41809100187
41809150212
41809200206
41809250191
41809300218
41809350196
41809400200
41809450206
41809500208
41809550212
41809600210
41809650210
41809700216
41809750218
41809800218
41809850220
41809900222
41809950226
41810000156
41810050202
41810100194
41810150188
41810200214
41810250214
41810300192
41810350196
41810400198
41810450196
41810500200
41810550202
41810600204
41810650210
41810700211
41810750213
41810800215
41810850218
41810900222
41810950224
41811000162
41811050202
41811100196
41811150196
41811200198
41811250201
41811300198
41811350205
41811400206
41811450211
41811500216
41811550217
41811600214
41811650219
41811700225
41811750226
41811800207
41811850212
41811900209
41811950214
41812000158
41812050206
41812100195
41812150195
41812200209
41812250208
41812300209
41812350209
41812400215
41812450207
41812500212
41812550213
41812600191
41812650196
41812700197
41812750194
41812800196
41812850201
41812900202
41812950203
41813000153
41813050191
41813100204
41813150189
41813200187
41813250208
41813300213
41813350211
41813400210
41813450188
41813500190
41813550194
41813600220
41813650191
41813700196
41813750197
41813800198
41813850204
41813900200
41813950201
41814000151
41814050192
41814100181
41814150200
41814200194
41814250196
41814300200
41814350202
41814400202
41814450203
41814500200
41814550201
41814600200
41814650201
41814700201
41814750202
41814800200
41814850201
41814900202
41814950207
41815000141
41815050178
41815100195
41815150180
41815200178
41815250171
41815300176
41815350194
41815400195
41815450196
41815500198
41815550199
41815600200
41815650197
41815700199
41815750200
41815800200
41815850206
41815900206
41815950202
41816000139
41816050180
41816100172
41816150169
41816200180
41816250165
41816300166
41816350171
41816400173
41816450174
41816500171
41816550176
41816600178
41816650179
41816700184
41816750185
41816800182
41816850183
41816900182
41816950184
41817000134
41817050173
41817100158
41817150162
41817200160
41817250158
41817300159
41817350184
41817400179
41817450179
41817500180
41817550181
41817600160
41817650182
41817700180
41817750182
41817800180
41817850162
41817900164
41817950182
41818000108
41818050152
41818100142
41818150145
41818200147
41818250134
41818300136
41818350138
41818400142
41818450144
41818500146
41818550142
41818600145
41818650147
41818700154
41818750157
41818800157
41818850161
41818900165
41818950169
41819000121
41819050165
41819100154
41819150158
41819200178
41819250170
41819300174
41819350176
41819400174
41819450179
41819500180
41819550181
41819600187
41819650192
41819700189
41819750191
41819800194
41819850197
41819900200
41819950202
41820000149
41820050188
41820100182
41820150184
41820200186
41820250184
41820300187
41820350190
41820400196
41820450198
41820500200
41820550198
41820600206
41820650206
41820700211
41820750214
41820800220
41820850219
41820900223
41820950225
41821000171
41821050208
41821100225
41821150202
41821200200
41821250221
41821300222
41821350203
41821400225
41821450226
41821500208
41821550209
41821600216
41821650218
41821700214
41821750222
41821800224
41821850232
41821900233
41821950237
41822000183
41822050221
41822100216
41822150218
41822200221
41822250224
41822300226
41822350229
41822400232
41822450232
41822500237
41822550245
41822600244
41822650248
41822700253
41822750259
41822800262
41822850261
41822900263
41822950264
41823000213
41823050250
41823100246
41823150269
41823200267
41823250270
41823300253
41823350257
41823400259
41823450282
41823500264
41823550266
41823600272
41823650273
41823700274
41823750272
41823800278
41823850279
41823900284
41823950285
41824000231
41824050272
41824100261
41824150274
41824200276
41824250269
41824300266
41824350272
41824400273
41824450278
41824500280
41824550281
41824600278
41824650278
41824700282
41824750284
41824800287
41824850288
41824900285
41824950286
41825000224
41825050265
41825100258
41825150251
41825200254
41825250259
41825300264
41825350266
41825400275
41825450275
41825500282
41825550286
41825600294
41825650297
41825700302
41825750299
41825800305
41825850286
41825900287
41825950292
41826000242
41826050279
41826100272
41826150273
41826200275
41826250276
41826300301
41826350275
41826400280
41826450281
41826500287
41826550288
41826600286
41826650288
41826700295
41826750297
41826800304
41826850307
41826900306
41826950312
41827000251
41827050290
41827100285
41827150286
41827200308
41827250306
41827300287
41827350288
41827400294
41827450295
41827500292
41827550297
41827600299
41827650304
41827700305
41827750306
41827800304
41827850309
41827900310
41827950315
41828000253
41828050282
41828100303
41828150280
41828200286
41828250283
41828300288
41828350286
41828400291
41828450292
41828500294
41828550295
41828600298
41828650295
41828700295
41828750299
41828800299
41828850305
41828900304
41828950302
41829000252
41829050292
41829100284
41829150280
41829200294
41829250281
41829300282
41829350283
41829400286
41829450286
41829500284
41829550286
41829600286
41829650288
41829700288
41829750286
41829800283
41829850286
41829900285
41829950287
41830000218
41830050254
41830100264
41830150251
41830200238
41830250250
41830300242
41830350260
41830400243
41830450234
41830500248
41830550238
41830600250
41830650236
41830700226
41830750240
41830800232
41830850226
41830900240
41830950223
41831000170
41831050196
41831100199
41831150193
41831200206
41831250210
41831300204
41831350200
41831400193
41831450210
41831500203
41831550216
41831600208
41831650204
41831700196
41831750212
41831800199
41831850216
41831900212
41831950204
41832000150
41832050173
41832100192
41832150188
41832200178
41832250190
41832300187
41832350180
41832400194
41832450191
41832500182
41832550194
41832600187
41832650200
41832700189
41832750202
41832800196
41832850189
41832900206
41832950199
41833000137
41833050182
41833100163
41833150192
41833200178
41833250175
41833300168
41833350186
41833400179
41833450172
41833500190
41833550175
41833600197
41833650192
41833700186
41833750202
41833800196
41833850207
41833900200
41833950193
41834000144
41834050174
41834100180
41834150185
41834200187
41834250192
41834300185
41834350178
41834400192
41834450185
41834500200
41834550194
41834600186
41834650203
41834700188
41834750205
41834800199
41834850191
41834900188
41834950205
41835000143
41835050192
41835100169
41835150178
41835200184
41835250185
41835300174
41835350188
41835400181
41835450198
41835500188
41835550205
41835600194
41835650187
41835700201
41835750194
41835800187
41835850197
41835900190
41835950203
41836000141
41836050166
41836100167
41836150172
41836200182
41836250183
41836300176
41836350193
41836400183
41836450192
41836500185
41836550178
41836600196
41836650189
41836700206
41836750191
41836800186
41836850199
41836900194
41836950212
41837000146
41837050171
41837100178
41837150191
41837200185
41837250198
41837300188
41837350202
41837400196
41837450190
41837500208
41837550201
41837600210
41837650203
41837700197
41837750214
41837800203
41837850197
41837900206
41837950199
41838000153
41838050197
41838100178
41838150181
41838200180
41838250190
41838300186
41838350205
41838400202
41838450212
41838500205
41838550199
41838600217
41838650210
41838700223
41838750212
41838800226
41838850219
41838900212
41838950225
41839000167
41839050211
41839100212
41839150194
41839200200
41839250202
41839300194
41839350202
41839400194
41839450209
41839500202
41839550195
41839600208
41839650201
41839700193
41839750210
41839800202
41839850196
41839900205
41839950198
41840000144
41840050194
41840100173
41840150187
41840200180
41840250196
41840300191
41840350212
41840400208
41840450204
41840500221
41840550213
41840600232
41840650228
41840700223
41840750243
41840800231
41840850252
41840900251
41840950246
41841000189
41841050214
41841100219
41841150226
41841200231
41841250234
41841300229
41841350213
41841400232
41841450222
41841500219
41841550215
41841600233
41841650218
41841700235
41841750232
41841800226
41841850219
41841900236
41841950225
41842000175
41842050200
41842100209
41842150222
41842200212
41842250221
41842300214
41842350212
41842400232
41842450228
41842500240
41842550236
41842600236
41842650231
41842700253
41842750254
41842800267
41842850265
41842900264
41842950282
41843000225
41843050280
41843100282
41843150276
41843200285
41843250299
41843300292
41843350309
41843400306
41843450302
41843500321
41843550318
41843600319
41843650330
41843700326
41843750327
41843800348
41843850345
41843900341
41843950356
41844000300
41844050327
41844100335
41844150351
41844200358
41844250358
41844300357
41844350353
41844400371
41844450363
41844500361
41844550368
41844600361
41844650352
41844700344
41844750356
41844800340
41844850354
41844900341
41844950330
41845000275
41845050294
41845100290
41845150311
41845200298
41845250300
41845300294
41845350280
41845400293
41845450281
41845500295
41845550285
41845600276
41845650291
41845700277
41845750292
41845800283
41845850273
41845900288
41845950268
41846000214
41846050236
41846100238
41846150255
41846200242
41846250242
41846300236
41846350249
41846400243
41846450235
41846500226
41846550232
41846600224
41846650241
41846700234
41846750227
41846800242
41846850232
41846900246
41846950238
41847000180
41847050204
41847100205
41847150214
41847200208
41847250229
41847300222
41847350216
41847400230
41847450226
41847500219
41847550238
41847600237
41847650231
41847700244
41847750240
41847800238
41847850258
41847900256
41847950250
41848000198
41848050225
41848100232
41848150234
41848200250
41848250256
41848300247
41848350242
41848400260
41848450252
41848500250
41848550260
41848600252
41848650270
41848700264
41848750258
41848800255
41848850265
41848900262
41848950275
41849000209
41849050238
41849100243
41849150249
41849200259
