# from_timestamp_us, to_timestamp_us
58054907646, 58054807644
58055007601, 58054907646
58055107643, 58055007601
58055207650, 58055107643
58055307648, 58055207650
58055407643, 58055307648
58055507645, 58055407643
58055607648, 58055507645
58055707642, 58055607648
58055807645, 58055707642
58055907647, 58055807645
58056007602, 58055907647
58056107628, 58056007602
58056207659, 58056107628
58056307649, 58056207659
58056407652, 58056307649
58056507650, 58056407652
58056607653, 58056507650
58056707651, 58056607653
58056807646, 58056707651
58056907652, 58056807646
58057007599, 58056907652
58057107645, 58057007599
58057207643, 58057107645
58057307630, 58057207643
58057407652, 58057307630
58057507655, 58057407652
58057607657, 58057507655
58057707655, 58057607657
58057807658, 58057707655
58057907660, 58057807658
58058007599, 58057907660
58058107625, 58058007599
58058207636, 58058107625
58058307630, 58058207636
58058407653, 58058307630
58058507655, 58058407653
58058607654, 58058507655
58058707656, 58058607654
58058807655, 58058707656
58058907653, 58058807655
58059007596, 58058907653
58059107622, 58059007596
58059207629, 58059107622
58059307635, 58059207629
58059407630, 58059307635
58059507632, 58059407630
58059607639, 58059507632
58059707637, 58059607639
58059807640, 58059707637
58059907646, 58059807640
58060007597, 58059907646
58060107647, 58060007597
58060207642, 58060107647
58060307644, 58060207642
58060407647, 58060307644
58060507649, 58060407647
58060607644, 58060507649
58060707646, 58060607644
58060807645, 58060707646
58060907643, 58060807645
58061007598, 58060907643
58061107632, 58061007598
58061207647, 58061107632
58061307633, 58061207647
58061407660, 58061307633
58061507634, 58061407660
58061607637, 58061507634
58061707667, 58061607637
58061807662, 58061707667
58061907664, 58061807662
58062007599, 58061907664
58062107625, 58062007599
58062207648, 58062107625
58062307650, 58062207648
58062407653, 58062307650
58062507635, 58062407653
58062607654, 58062507635
58062707656, 58062607654
58062807663, 58062707656
58062907657, 58062807663
58063007596, 58062907657
58063107630, 58063007596
58063207645, 58063107630
58063307631, 58063207645
58063407634, 58063307631
58063507632, 58063407634
58063607635, 58063507632
58063707641, 58063607635
58063807640, 58063707641
58063907646, 58063807640
58064007597, 58063907646
58064107627, 58064007597
58064207645, 58064107627
58064307628, 58064207645
58064407634, 58064307628
58064507637, 58064407634
58064607635, 58064507637
58064707641, 58064607635
58064807644, 58064707641
58064907642, 58064807644
58065007597, 58064907642
58065107627, 58065007597
58065207626, 58065107627
58065307632, 58065207626
58065407635, 58065307632
58065507633, 58065407635
58065607640, 58065507633
58065707646, 58065607640
58065807641, 58065707646
58065907643, 58065807641
58066007594, 58065907643
58066107644, 58066007594
58066207623, 58066107644
58066307629, 58066207623
58066407628, 58066307629
58066507630, 58066407628
58066607657, 58066507630
58066707651, 58066607657
58066807654, 58066707651
58066907652, 58066807654
58067007595, 58066907652
58067107621, 58067007595
58067207628, 58067107621
58067307642, 58067207628
58067407645, 58067307642
58067507643, 58067407645
58067607646, 58067507643
58067707648, 58067607646
58067807647, 58067707648
58067907649, 58067807647
58068007596, 58067907649
58068107642, 58068007596
58068207633, 58068107642
58068307647, 58068207633
58068407646, 58068307647
58068507648, 58068407646
58068607651, 58068507648
58068707645, 58068607651
58068807652, 58068707645
58068907658, 58068807652
58069007597, 58068907658
58069107623, 58069007597
58069207634, 58069107623
58069307648, 58069207634
58069407651, 58069307648
58069507649, 58069407651
58069607652, 58069507649
58069707658, 58069607652
58069807657, 58069707658
58069907659, 58069807657
58070007594, 58069907659
58070107620, 58070007594
58070207631, 58070107620
58070307629, 58070207631
58070407628, 58070307629
58070507634, 58070407628
58070607637, 58070507634
58070707635, 58070607637
58070807642, 58070707635
58070907644, 58070807642
58071007595, 58070907644
58071107621, 58071007595
58071207636, 58071107621
58071307646, 58071207636
58071407629, 58071307646
58071507631, 58071407629
58071607654, 58071507631
58071707636, 58071607654
58071807667, 58071707636
58071907641, 58071807667
58072007596, 58071907641
58072107642, 58072007596
58072207628, 58072107642
58072307647, 58072207628
58072407641, 58072307647
58072507648, 58072407641
58072607650, 58072507648
58072707648, 58072607650
58072807655, 58072707648
58072907657, 58072807655
58073007596, 58072907657
58073107646, 58073007596
58073207645, 58073107646
58073307643, 58073207645
58073407650, 58073307643
58073507652, 58073407650
58073607651, 58073507652
58073707657, 58073607651
58073807660, 58073707657
58073907658, 58073807660
58074007593, 58073907658
58074107623, 58074007593
58074207626, 58074107623
58074307628, 58074207626
58074407655, 58074307628
58074507629, 58074407655
58074607636, 58074507629
58074707654, 58074607636
58074807657, 58074707654
58074907659, 58074807657
58075007594, 58074907659
58075107624, 58075007594
58075207631, 58075107624
58075307625, 58075207631
58075407628, 58075307625
58075507634, 58075407628
58086807640, 58086707637
58086907642, 58086807640
58087007593, 58086907642
58087107619, 58087007593
58087207630, 58087107619
58087307644, 58087207630
58087407647, 58087307644
58087507645, 58087407647
58087607648, 58087507645
58087707646, 58087607648
58087807649, 58087707646
58087907651, 58087807649
58088007590, 58087907651
58088107620, 58088007590
58088207630, 58088107620
58088307637, 58088207630
58088407643, 58088307637
58088507646, 58088407643
58088607644, 58088507646
58088707646, 58088607644
58088807653, 58088707646
58088907651, 58088807653
58089007590, 58088907651
58089107620, 58089007590
58089207631, 58089107620
58089307621, 58089207631
58089407628, 58089307621
58089507626, 58089407628
58089607633, 58089507626
58089707639, 58089607633
58089807634, 58089707639
58089907640, 58089807634
58090007591, 58089907640
58090107617, 58090007591
58090207632, 58090107617
58090307634, 58090207632
58090407637, 58090307634
58090507643, 58090407637
58090607642, 58090507643
58090707644, 58090607642
58090807651, 58090707644
58090907649, 58090807651
58091007588, 58090907649
58091107618, 58091007588
58091207625, 58091107618
58091307639, 58091207625
58091407622, 58091307639
58091507644, 58091407622
58091607647, 58091507644
58091707649, 58091607647
58091807648, 58091707649
58091907650, 58091807648
58092007589, 58091907650
58092107635, 58092007589
58092207618, 58092107635
58092307640, 58092207618
58092407639, 58092307640
58092507645, 58092407639
58092607652, 58092507645
58092707650, 58092607652
58092807633, 58092707650
58092907655, 58092807633
58093007590, 58092907655
58093107620, 58093007590
58093207619, 58093107620
58093307637, 58093207619
58093407644, 58093307637
58093507646, 58093407644
58093607629, 58093507646
58093707639, 58093607629
58093807638, 58093707639
58093907644, 58093807638
58094007591, 58093907644
58094107617, 58094007591
58094207624, 58094107617
58094307622, 58094207624
58094407625, 58094307622
58094507631, 58094407625
58094607638, 58094507631
58094707640, 58094607638
58094807643, 58094707640
58094907649, 58094807643
58095007588, 58094907649
58095107626, 58095007588
58095207636, 58095107626
58095307631, 58095207636
58095407637, 58095307631
58095507636, 58095407637
58095607642, 58095507636
58095707628, 58095607642
58095807651, 58095707628
58095907633, 58095807651
58096007588, 58095907633
58096107618, 58096007588
58096207637, 58096107618
58101707634, 58101607628
58101807641, 58101707634
58101907639, 58101807641
58102007586, 58101907639
58102107620, 58102007586
58102207619, 58102107620
58102307621, 58102207619
58102407628, 58102307621
58102507626, 58102407628
58102607629, 58102507626
58102707635, 58102607629
58102807634, 58102707635
58102907640, 58102807634
58103007587, 58102907640
58103107617, 58103007587
58103207623, 58103107617
58103307638, 58103207623
58103407620, 58103307638
58103507623, 58103407620
58103607645, 58103507623
58103707647, 58103607645
58103807630, 58103707647
58103907632, 58103807630
58104007587, 58103907632
58104107617, 58104007587
58104207620, 58104107617
58104307622, 58104207620
58104407629, 58104307622
58104507623, 58104407629
58104607630, 58104507623
58104707636, 58104607630
58104807639, 58104707636
58104907641, 58104807639
58105007584, 58104907641
58105107634, 58105007584
58105207621, 58105107634
58105307619, 58105207621
58105407618, 58105307619
58105507624, 58105407618
58105607623, 58105507624
58105707629, 58105607623
58105807636, 58105707629
58105907634, 58105807636
58106007585, 58105907634
58106107619, 58106007585
58106207614, 58106107619
58106307616, 58106207614
58106407623, 58106307616
58106507625, 58106407623
58106607628, 58106507625
58106707634, 58106607628
58106807637, 58106707634
58106907639, 58106807637
58107007586, 58106907639
58107107612, 58107007586
58107207627, 58107107612
58107307625, 58107207627
58107407624, 58107307625
58107507630, 58107407624
58107607637, 58107507630
58107707635, 58107607637
58107807638, 58107707635
58107907644, 58107807638
58108007587, 58107907644
58108107617, 58108007587
58108207624, 58108107617
58108307622, 58108207624
58108407629, 58108307622
58108507631, 58108407629
58108607634, 58108507631
58108707640, 58108607634
58108807643, 58108707640
58108907653, 58108807643
58109007584, 58108907653
58109107610, 58109007584
58109207617, 58109107610
58109307619, 58109207617
58109407622, 58109307619
58109507628, 58109407622
58109607635, 58109507628
58109707637, 58109607635
58109807644, 58109707637
58109907650, 58109807644
58110007585, 58109907650
58110107615, 58110007585
58110207634, 58110107615
58110307624, 58110207634
58110407631, 58110307624
58110507641, 58110407631
58110607640, 58110507641
58110707646, 58110607640
58110807649, 58110707646
58110907651, 58110807649
58111007586, 58110907651
58111107628, 58111007586
58111207626, 58111107628
58111307617, 58111207626
58111407619, 58111307617
58111507626, 58111407619
58111607632, 58111507626
58111707634, 58111607632
58111807637, 58111707634
58111907643, 58111807637
58112007582, 58111907643
58112107612, 58112007582
58112207623, 58112107612
58112307617, 58112207623
58112407624, 58112307617
58112507630, 58112407624
58112607629, 58112507630
58112707631, 58112607629
58112807638, 58112707631
58112907640, 58112807638
58113007583, 58112907640
58113107637, 58113007583
58113207632, 58113107637
58113307614, 58113207632
58113407617, 58113307614
58113507627, 58113407617
58113607634, 58113507627
58113707632, 58113607634
58113807635, 58113707632
58113907641, 58113807635
58114007584, 58113907641
58114107634, 58114007584
58114207621, 58114107634
58114307631, 58114207621
58114407638, 58114307631
58114507620, 58114407638
58114607623, 58114507620
58114707629, 58114607623
58114807636, 58114707629
58114907638, 58114807636
58115007585, 58114907638
58115107615, 58115007585
58115207614, 58115107615
58115307616, 58115207614
58115407623, 58115307616
58115507625, 58115407623
58115607636, 58115507625
58115707638, 58115607636
58115807633, 58115707638
58115907635, 58115807633
58116007582, 58115907635
58116107608, 58116007582
58116207623, 58116107608
58116307629, 58116207623
58116407632, 58116307629
58116507634, 58116407632
58116607633, 58116507634
58116707639, 58116607633
58116807646, 58116707639
58116907644, 58116807646
58117007583, 58116907644
58117107613, 58117007583
58117207620, 58117107613
58117307614, 58117207620
58117407621, 58117307614
58117507619, 58117407621
58117607626, 58117507619
58117707628, 58117607626
58117807627, 58117707628
58117907629, 58117807627
58118007584, 58117907629
58118107626, 58118007584
58118207633, 58118107626
58118307623, 58118207633
58118407622, 58118307623
58118507624, 58118407622
58118607623, 58118507624
58118707629, 58118607623
58118807632, 58118707629
58118907630, 58118807632
58119007581, 58118907630
58119107611, 58119007581
58119207609, 58119107611
58119307628, 58119207609
58119407630, 58119307628
58119507629, 58119407630
58119607631, 58119507629
58119707637, 58119607631
58119807632, 58119707637
58119907634, 58119807632
58120007581, 58119907634
58120107627, 58120007581
58120207618, 58120107627
58120307632, 58120207618
58120407627, 58120307632
58120507633, 58120407627
58120607636, 58120507633
58120707634, 58120607636
58120807637, 58120707634
58120907643, 58120807637
58121007582, 58120907643
58121107608, 58121007582
58121207615, 58121107608
58121307633, 58121207615
58121407616, 58121307633
58121507638, 58121407616
58121607621, 58121507638
58121707627, 58121607621
58121807646, 58121707627
58121907628, 58121807646
58122007579, 58121907628
58122107605, 58122007579
58122207612, 58122107605
58122307630, 58122207612
58122407625, 58122307630
58122507631, 58122407625
58122607634, 58122507631
58122707632, 58122607634
58122807639, 58122707632
58122907641, 58122807639
58123007580, 58122907641
58123107614, 58123007580
58123207625, 58123107614
58123307615, 58123207625
58123407618, 58123307615
58123507624, 58123407618
58123607623, 58123507624
58123707629, 58123607623
58123807628, 58123707629
58123907634, 58123807628
58124007581, 58123907634
58124107627, 58124007581
58124207610, 58124107627
58124307632, 58124207610
58124407631, 58124307632
58124507637, 58124407631
58124607620, 58124507637
58124707642, 58124607620
58124807629, 58124707642
58124907631, 58124807629
58125007582, 58124907631
58125107612, 58125007582
58125207623, 58125107612
58125307613, 58125207623
58125407624, 58125307613
58125507630, 58125407624
58125607629, 58125507630
58125707635, 58125607629
58125807642, 58125707635
58125907640, 58125807642
58126007579, 58125907640
58126107613, 58126007579
58126207612, 58126107613
58126307610, 58126207612
58126407613, 58126307610
58126507619, 58126407613
58126607622, 58126507619
58126707624, 58126607622
58126807631, 58126707624
58126907637, 58126807631
58127007580, 58126907637
58127107610, 58127007580
58127207612, 58127107610
58127307631, 58127207612
58127407617, 58127307631
58127507624, 58127407617
58127607622, 58127507624
58127707628, 58127607622
58127807635, 58127707628
58127907641, 58127807635
58128007580, 58127907641
58128107610, 58128007580
58128207609, 58128107610
58128307627, 58128207609
58128407634, 58128307627
58128507632, 58128407634
58128607639, 58128507632
58128707645, 58128607639
58128807644, 58128707645
58128907626, 58128807644
58129007577, 58128907626
58129107603, 58129007577
58129207626, 58129107603
58129307608, 58129207626
58129407615, 58129307608
58129507625, 58129407615
58129607628, 58129507625
58129707634, 58129607628
58129807637, 58129707634
58129907635, 58129807637
58130007578, 58129907635
58130107604, 58130007578
58130207627, 58130107604
58130307609, 58130207627
58130407620, 58130307609
58130507618, 58130407620
58130607625, 58130507618
58130707631, 58130607625
58130807630, 58130707631
58130907636, 58130807630
58131007579, 58130907636
58131107625, 58131007579
58131207616, 58131107625
58131307634, 58131207616
58131407613, 58131307634
58131507619, 58131407613
58131607622, 58131507619
58131707628, 58131607622
58131807635, 58131707628
58131907637, 58131807635
58132007580, 58131907637
58132107610, 58132007580
58132207629, 58132107610
58132307611, 58132207629
58132407614, 58132307611
58132507616, 58132407614
58132607623, 58132507616
58132707629, 58132607623
58132807628, 58132707629
58132907634, 58132807628
58133007577, 58132907634
58133107603, 58133007577
58133207614, 58133107603
58133307616, 58133207614
58133407615, 58133307616
58133507621, 58133407615
58133607632, 58133507621
58133707630, 58133607632
58133807641, 58133707630
58133907627, 58133807641
58134007578, 58133907627
58134107616, 58134007578
58134207626, 58134107616
58134307625, 58134207626
58134407615, 58134307625
58134507622, 58134407615
58134607632, 58134507622
58134707618, 58134607632
58134807625, 58134707618
58134907635, 58134807625
58135007578, 58134907635
58135107624, 58135007578
58135207619, 58135107624
