# from_timestamp_us, to_timestamp_us
58054907646, 58055007601
58055007601, 58055107643
58055107643, 58055207650
58055207650, 58055307648
58055307648, 58055407643
58055407643, 58055507645
58055507645, 58055607648
58055607648, 58055707642
58055707642, 58055807645
58055807645, 58055907647
58055907647, 58056007602
58056007602, 58056107628
58056107628, 58056207659
58056207659, 58056307649
58056307649, 58056407652
58056407652, 58056507650
58056507650, 58056607653
58056607653, 58056707651
58056707651, 58056807646
58056807646, 58056907652
58056907652, 58057007599
58057007599, 58057107645
58057107645, 58057207643
58057207643, 58057307630
58057307630, 58057407652
58057407652, 58057507655
58057507655, 58057607657
58057607657, 58057707655
58057707655, 58057807658
58057807658, 58057907660
58057907660, 58058007599
58058007599, 58058107625
58058107625, 58058207636
58058207636, 58058307630
58058307630, 58058407653
58058407653, 58058507655
58058507655, 58058607654
58058607654, 58058707656
58058707656, 58058807655
58058807655, 58058907653
58058907653, 58059007596
58059007596, 58059107622
58059107622, 58059207629
58059207629, 58059307635
58059307635, 58059407630
58059407630, 58059507632
58059507632, 58059607639
58059607639, 58059707637
58059707637, 58059807640
58059807640, 58059907646
58059907646, 58060007597
58060007597, 58060107647
58060107647, 58060207642
58060207642, 58060307644
58060307644, 58060407647
58060407647, 58060507649
58060507649, 58060607644
58060607644, 58060707646
58060707646, 58060807645
58060807645, 58060907643
58060907643, 58061007598
58061007598, 58061107632
58061107632, 58061207647
58061207647, 58061307633
58061307633, 58061407660
58061407660, 58061507634
58061507634, 58061607637
58061607637, 58061707667
58061707667, 58061807662
58061807662, 58061907664
58061907664, 58062007599
58062007599, 58062107625
58062107625, 58062207648
58062207648, 58062307650
58062307650, 58062407653
58062407653, 58062507635
58062507635, 58062607654
58062607654, 58062707656
58062707656, 58062807663
58062807663, 58062907657
58062907657, 58063007596
58063007596, 58063107630
58063107630, 58063207645
58063207645, 58063307631
58063307631, 58063407634
58063407634, 58063507632
58063507632, 58063607635
58063607635, 58063707641
58063707641, 58063807640
58063807640, 58063907646
58063907646, 58064007597
58064007597, 58064107627
58064107627, 58064207645
58064207645, 58064307628
58064307628, 58064407634
58064407634, 58064507637
58064507637, 58064607635
58064607635, 58064707641
58064707641, 58064807644
58064807644, 58064907642
58064907642, 58065007597
58065007597, 58065107627
58065107627, 58065207626
58065207626, 58065307632
58065307632, 58065407635
58065407635, 58065507633
58065507633, 58065607640
58065607640, 58065707646
58065707646, 58065807641
58065807641, 58065907643
58065907643, 58066007594
58066007594, 58066107644
58066107644, 58066207623
58066207623, 58066307629
58066307629, 58066407628
58066407628, 58066507630
58066507630, 58066607657
58066607657, 58066707651
58066707651, 58066807654
58066807654, 58066907652
58066907652, 58067007595
58067007595, 58067107621
58067107621, 58067207628
58067207628, 58067307642
58067307642, 58067407645
58067407645, 58067507643
58067507643, 58067607646
58067607646, 58067707648
58067707648, 58067807647
58067807647, 58067907649
58067907649, 58068007596
58068007596, 58068107642
58068107642, 58068207633
58068207633, 58068307647
58068307647, 58068407646
58068407646, 58068507648
58068507648, 58068607651
58068607651, 58068707645
58068707645, 58068807652
58068807652, 58068907658
58068907658, 58069007597
58069007597, 58069107623
58069107623, 58069207634
58069207634, 58069307648
58069307648, 58069407651
58069407651, 58069507649
58069507649, 58069607652
58069607652, 58069707658
58069707658, 58069807657
58069807657, 58069907659
58069907659, 58070007594
58070007594, 58070107620
58070107620, 58070207631
58070207631, 58070307629
58070307629, 58070407628
58070407628, 58070507634
58070507634, 58070607637
58070607637, 58070707635
58070707635, 58070807642
58070807642, 58070907644
58070907644, 58071007595
58071007595, 58071107621
58071107621, 58071207636
58071207636, 58071307646
58071307646, 58071407629
58071407629, 58071507631
58071507631, 58071607654
58071607654, 58071707636
58071707636, 58071807667
58071807667, 58071907641
58071907641, 58072007596
58072007596, 58072107642
58072107642, 58072207628
58072207628, 58072307647
58072307647, 58072407641
58072407641, 58072507648
58072507648, 58072607650
58072607650, 58072707648
58072707648, 58072807655
58072807655, 58072907657
58072907657, 58073007596
58073007596, 58073107646
58073107646, 58073207645
58073207645, 58073307643
58073307643, 58073407650
58073407650, 58073507652
58073507652, 58073607651
58073607651, 58073707657
58073707657, 58073807660
58073807660, 58073907658
58073907658, 58074007593
58074007593, 58074107623
58074107623, 58074207626
58074207626, 58074307628
58074307628, 58074407655
58074407655, 58074507629
58074507629, 58074607636
58074607636, 58074707654
58074707654, 58074807657
58074807657, 58074907659
58074907659, 58075007594
58075007594, 58075107624
58075107624, 58075207631
58075207631, 58075307625
58075307625, 58075407628
58075407628, 58075507634
58075507634, 58075607633
58086807640, 58086907642
58086907642, 58087007593
58087007593, 58087107619
58087107619, 58087207630
58087207630, 58087307644
58087307644, 58087407647
58087407647, 58087507645
58087507645, 58087607648
58087607648, 58087707646
58087707646, 58087807649
58087807649, 58087907651
58087907651, 58088007590
58088007590, 58088107620
58088107620, 58088207630
58088207630, 58088307637
58088307637, 58088407643
58088407643, 58088507646
58088507646, 58088607644
58088607644, 58088707646
58088707646, 58088807653
58088807653, 58088907651
58088907651, 58089007590
58089007590, 58089107620
58089107620, 58089207631
58089207631, 58089307621
58089307621, 58089407628
58089407628, 58089507626
58089507626, 58089607633
58089607633, 58089707639
58089707639, 58089807634
58089807634, 58089907640
58089907640, 58090007591
58090007591, 58090107617
58090107617, 58090207632
58090207632, 58090307634
58090307634, 58090407637
58090407637, 58090507643
58090507643, 58090607642
58090607642, 58090707644
58090707644, 58090807651
58090807651, 58090907649
58090907649, 58091007588
58091007588, 58091107618
58091107618, 58091207625
58091207625, 58091307639
58091307639, 58091407622
58091407622, 58091507644
58091507644, 58091607647
58091607647, 58091707649
58091707649, 58091807648
58091807648, 58091907650
58091907650, 58092007589
58092007589, 58092107635
58092107635, 58092207618
58092207618, 58092307640
58092307640, 58092407639
58092407639, 58092507645
58092507645, 58092607652
58092607652, 58092707650
58092707650, 58092807633
58092807633, 58092907655
58092907655, 58093007590
58093007590, 58093107620
58093107620, 58093207619
58093207619, 58093307637
58093307637, 58093407644
58093407644, 58093507646
58093507646, 58093607629
58093607629, 58093707639
58093707639, 58093807638
58093807638, 58093907644
58093907644, 58094007591
58094007591, 58094107617
58094107617, 58094207624
58094207624, 58094307622
58094307622, 58094407625
58094407625, 58094507631
58094507631, 58094607638
58094607638, 58094707640
58094707640, 58094807643
58094807643, 58094907649
58094907649, 58095007588
58095007588, 58095107626
58095107626, 58095207636
58095207636, 58095307631
58095307631, 58095407637
58095407637, 58095507636
58095507636, 58095607642
58095607642, 58095707628
58095707628, 58095807651
58095807651, 58095907633
58095907633, 58096007588
58096007588, 58096107618
58096107618, 58096207637
58096207637, 58096307623
58101707634, 58101807641
58101807641, 58101907639
58101907639, 58102007586
58102007586, 58102107620
58102107620, 58102207619
58102207619, 58102307621
58102307621, 58102407628
58102407628, 58102507626
58102507626, 58102607629
58102607629, 58102707635
58102707635, 58102807634
58102807634, 58102907640
58102907640, 58103007587
58103007587, 58103107617
58103107617, 58103207623
58103207623, 58103307638
58103307638, 58103407620
58103407620, 58103507623
58103507623, 58103607645
58103607645, 58103707647
58103707647, 58103807630
58103807630, 58103907632
58103907632, 58104007587
58104007587, 58104107617
58104107617, 58104207620
58104207620, 58104307622
58104307622, 58104407629
58104407629, 58104507623
58104507623, 58104607630
58104607630, 58104707636
58104707636, 58104807639
58104807639, 58104907641
58104907641, 58105007584
58105007584, 58105107634
58105107634, 58105207621
58105207621, 58105307619
58105307619, 58105407618
58105407618, 58105507624
58105507624, 58105607623
58105607623, 58105707629
58105707629, 58105807636
58105807636, 58105907634
58105907634, 58106007585
58106007585, 58106107619
58106107619, 58106207614
58106207614, 58106307616
58106307616, 58106407623
58106407623, 58106507625
58106507625, 58106607628
58106607628, 58106707634
58106707634, 58106807637
58106807637, 58106907639
58106907639, 58107007586
58107007586, 58107107612
58107107612, 58107207627
58107207627, 58107307625
58107307625, 58107407624
58107407624, 58107507630
58107507630, 58107607637
58107607637, 58107707635
58107707635, 58107807638
58107807638, 58107907644
58107907644, 58108007587
58108007587, 58108107617
58108107617, 58108207624
58108207624, 58108307622
58108307622, 58108407629
58108407629, 58108507631
58108507631, 58108607634
58108607634, 58108707640
58108707640, 58108807643
58108807643, 58108907653
58108907653, 58109007584
58109007584, 58109107610
58109107610, 58109207617
58109207617, 58109307619
58109307619, 58109407622
58109407622, 58109507628
58109507628, 58109607635
58109607635, 58109707637
58109707637, 58109807644
58109807644, 58109907650
58109907650, 58110007585
58110007585, 58110107615
58110107615, 58110207634
58110207634, 58110307624
58110307624, 58110407631
58110407631, 58110507641
58110507641, 58110607640
58110607640, 58110707646
58110707646, 58110807649
58110807649, 58110907651
58110907651, 58111007586
58111007586, 58111107628
58111107628, 58111207626
58111207626, 58111307617
58111307617, 58111407619
58111407619, 58111507626
58111507626, 58111607632
58111607632, 58111707634
58111707634, 58111807637
58111807637, 58111907643
58111907643, 58112007582
58112007582, 58112107612
58112107612, 58112207623
58112207623, 58112307617
58112307617, 58112407624
58112407624, 58112507630
58112507630, 58112607629
58112607629, 58112707631
58112707631, 58112807638
58112807638, 58112907640
58112907640, 58113007583
58113007583, 58113107637
58113107637, 58113207632
58113207632, 58113307614
58113307614, 58113407617
58113407617, 58113507627
58113507627, 58113607634
58113607634, 58113707632
58113707632, 58113807635
58113807635, 58113907641
58113907641, 58114007584
58114007584, 58114107634
58114107634, 58114207621
58114207621, 58114307631
58114307631, 58114407638
58114407638, 58114507620
58114507620, 58114607623
58114607623, 58114707629
58114707629, 58114807636
58114807636, 58114907638
58114907638, 58115007585
58115007585, 58115107615
58115107615, 58115207614
58115207614, 58115307616
58115307616, 58115407623
58115407623, 58115507625
58115507625, 58115607636
58115607636, 58115707638
58115707638, 58115807633
58115807633, 58115907635
58115907635, 58116007582
58116007582, 58116107608
58116107608, 58116207623
58116207623, 58116307629
58116307629, 58116407632
58116407632, 58116507634
58116507634, 58116607633
58116607633, 58116707639
58116707639, 58116807646
58116807646, 58116907644
58116907644, 58117007583
58117007583, 58117107613
58117107613, 58117207620
58117207620, 58117307614
58117307614, 58117407621
58117407621, 58117507619
58117507619, 58117607626
58117607626, 58117707628
58117707628, 58117807627
58117807627, 58117907629
58117907629, 58118007584
58118007584, 58118107626
58118107626, 58118207633
58118207633, 58118307623
58118307623, 58118407622
58118407622, 58118507624
58118507624, 58118607623
58118607623, 58118707629
58118707629, 58118807632
58118807632, 58118907630
58118907630, 58119007581
58119007581, 58119107611
58119107611, 58119207609
58119207609, 58119307628
58119307628, 58119407630
58119407630, 58119507629
58119507629, 58119607631
58119607631, 58119707637
58119707637, 58119807632
58119807632, 58119907634
58119907634, 58120007581
58120007581, 58120107627
58120107627, 58120207618
58120207618, 58120307632
58120307632, 58120407627
58120407627, 58120507633
58120507633, 58120607636
58120607636, 58120707634
58120707634, 58120807637
58120807637, 58120907643
58120907643, 58121007582
58121007582, 58121107608
58121107608, 58121207615
58121207615, 58121307633
58121307633, 58121407616
58121407616, 58121507638
58121507638, 58121607621
58121607621, 58121707627
58121707627, 58121807646
58121807646, 58121907628
58121907628, 58122007579
58122007579, 58122107605
58122107605, 58122207612
58122207612, 58122307630
58122307630, 58122407625
58122407625, 58122507631
58122507631, 58122607634
58122607634, 58122707632
58122707632, 58122807639
58122807639, 58122907641
58122907641, 58123007580
58123007580, 58123107614
58123107614, 58123207625
58123207625, 58123307615
58123307615, 58123407618
58123407618, 58123507624
58123507624, 58123607623
58123607623, 58123707629
58123707629, 58123807628
58123807628, 58123907634
58123907634, 58124007581
58124007581, 58124107627
58124107627, 58124207610
58124207610, 58124307632
58124307632, 58124407631
58124407631, 58124507637
58124507637, 58124607620
58124607620, 58124707642
58124707642, 58124807629
58124807629, 58124907631
58124907631, 58125007582
58125007582, 58125107612
58125107612, 58125207623
58125207623, 58125307613
58125307613, 58125407624
58125407624, 58125507630
58125507630, 58125607629
58125607629, 58125707635
58125707635, 58125807642
58125807642, 58125907640
58125907640, 58126007579
58126007579, 58126107613
58126107613, 58126207612
58126207612, 58126307610
58126307610, 58126407613
58126407613, 58126507619
58126507619, 58126607622
58126607622, 58126707624
58126707624, 58126807631
58126807631, 58126907637
58126907637, 58127007580
58127007580, 58127107610
58127107610, 58127207612
58127207612, 58127307631
58127307631, 58127407617
58127407617, 58127507624
58127507624, 58127607622
58127607622, 58127707628
58127707628, 58127807635
58127807635, 58127907641
58127907641, 58128007580
58128007580, 58128107610
58128107610, 58128207609
58128207609, 58128307627
58128307627, 58128407634
58128407634, 58128507632
58128507632, 58128607639
58128607639, 58128707645
58128707645, 58128807644
58128807644, 58128907626
58128907626, 58129007577
58129007577, 58129107603
58129107603, 58129207626
58129207626, 58129307608
58129307608, 58129407615
58129407615, 58129507625
58129507625, 58129607628
58129607628, 58129707634
58129707634, 58129807637
58129807637, 58129907635
58129907635, 58130007578
58130007578, 58130107604
58130107604, 58130207627
58130207627, 58130307609
58130307609, 58130407620
58130407620, 58130507618
58130507618, 58130607625
58130607625, 58130707631
58130707631, 58130807630
58130807630, 58130907636
58130907636, 58131007579
58131007579, 58131107625
58131107625, 58131207616
58131207616, 58131307634
58131307634, 58131407613
58131407613, 58131507619
58131507619, 58131607622
58131607622, 58131707628
58131707628, 58131807635
58131807635, 58131907637
58131907637, 58132007580
58132007580, 58132107610
58132107610, 58132207629
58132207629, 58132307611
58132307611, 58132407614
58132407614, 58132507616
58132507616, 58132607623
58132607623, 58132707629
58132707629, 58132807628
58132807628, 58132907634
58132907634, 58133007577
58133007577, 58133107603
58133107603, 58133207614
58133207614, 58133307616
58133307616, 58133407615
58133407615, 58133507621
58133507621, 58133607632
58133607632, 58133707630
58133707630, 58133807641
58133807641, 58133907627
58133907627, 58134007578
58134007578, 58134107616
58134107616, 58134207626
58134207626, 58134307625
58134307625, 58134407615
58134407615, 58134507622
58134507622, 58134607632
58134607632, 58134707618
58134707618, 58134807625
58134807625, 58134907635
58134907635, 58135007578
58135007578, 58135107624
58135107624, 58135207619
58135207619, 58135307625
