# from_timestamp_us, to_timestamp_us
56174907554, 56174807540
56175007489, 56174907554
56175107519, 56175007489
56175207518, 56175107519
56175307540, 56175207518
56175407543, 56175307540
56175507541, 56175407543
56175607540, 56175507541
56175707538, 56175607540
56175807541, 56175707538
56175907555, 56175807541
56176007486, 56175907555
56176107512, 56176007486
56176207535, 56176107512
56176307533, 56176207535
56176407536, 56176307533
56176507530, 56176407536
56176607533, 56176507530
56176707531, 56176607533
56176807530, 56176707531
56176907540, 56176807530
56177007487, 56176907540
56177107517, 56177007487
56177207520, 56177107517
56177307538, 56177207520
56177407521, 56177307538
56177507524, 56177407521
56177607546, 56177507524
56177707549, 56177607546
56177807531, 56177707549
56177907534, 56177807531
56178007489, 56177907534
56178107515, 56178007489
56178207538, 56178107515
56178307540, 56178207538
56178407523, 56178307540
56178507541, 56178407523
56178607548, 56178507541
56178707550, 56178607548
56178807549, 56178707550
56178907547, 56178807549
56179007490, 56178907547
56179107536, 56179007490
56179207535, 56179107536
56179307541, 56179207535
56179407540, 56179307541
56179507542, 56179407540
56179607545, 56179507542
56179707543, 56179607545
56179807546, 56179707543
56179907552, 56179807546
56180007487, 56179907552
56180107513, 56180007487
56180207536, 56180107513
56180307518, 56180207536
56180407525, 56180307518
56180507523, 56180407525
56180607526, 56180507523
56180707532, 56180607526
56180807551, 56180707532
56180907541, 56180807551
56181007488, 56180907541
56181107530, 56181007488
56181207525, 56181107530
