# from_timestamp_us, to_timestamp_us
56174907554, 56175007489
56175007489, 56175107519
56175107519, 56175207518
56175207518, 56175307540
56175307540, 56175407543
56175407543, 56175507541
56175507541, 56175607540
56175607540, 56175707538
56175707538, 56175807541
56175807541, 56175907555
56175907555, 56176007486
56176007486, 56176107512
56176107512, 56176207535
56176207535, 56176307533
56176307533, 56176407536
56176407536, 56176507530
56176507530, 56176607533
56176607533, 56176707531
56176707531, 56176807530
56176807530, 56176907540
56176907540, 56177007487
56177007487, 56177107517
56177107517, 56177207520
56177207520, 56177307538
56177307538, 56177407521
56177407521, 56177507524
56177507524, 56177607546
56177607546, 56177707549
56177707549, 56177807531
56177807531, 56177907534
56177907534, 56178007489
56178007489, 56178107515
56178107515, 56178207538
56178207538, 56178307540
56178307540, 56178407523
56178407523, 56178507541
56178507541, 56178607548
56178607548, 56178707550
56178707550, 56178807549
56178807549, 56178907547
56178907547, 56179007490
56179007490, 56179107536
56179107536, 56179207535
56179207535, 56179307541
56179307541, 56179407540
56179407540, 56179507542
56179507542, 56179607545
56179607545, 56179707543
56179707543, 56179807546
56179807546, 56179907552
56179907552, 56180007487
56180007487, 56180107513
56180107513, 56180207536
56180207536, 56180307518
56180307518, 56180407525
56180407525, 56180507523
56180507523, 56180607526
56180607526, 56180707532
56180707532, 56180807551
56180807551, 56180907541
56180907541, 56181007488
56181007488, 56181107530
56181107530, 56181207525
56181207525, 56181307527
