# from_timestamp_us, to_timestamp_us
49599300523, 49599200500
49599400524, 49599300523
49599500511, 49599400524
49599600529, 49599500511
49599700535, 49599600529
49599800517, 49599700535
49599900532, 49599800517
49600000464, 49599900532
49600100510, 49600000464
49600200516, 49600100510
49600300518, 49600200516
49600400520, 49600300518
49600500506, 49600400520
49600600508, 49600500506
49600700526, 49600600508
49600800532, 49600700526
49600900514, 49600800532
49601000456, 49600900514
49601100490, 49601000456
49601200492, 49601100490
49601300490, 49601200492
49601400499, 49601300490
49601500507, 49601400499
49601600508, 49601500507
49601700514, 49601600508
49601800520, 49601700514
49601900514, 49601800520
49602000465, 49601900514
49602100499, 49602000465
49602200497, 49602100499
49602300506, 49602200497
49602400510, 49602300506
49602500528, 49602400510
49602600521, 49602500528
49602700528, 49602600521
49602800529, 49602700528
49602900514, 49602800529
49603000470, 49602900514
49603100528, 49603000470
49603200529, 49603100528
49603300524, 49603200529
