# from_timestamp_us, to_timestamp_us
56631107525, 56631007499
56631207544, 56631107525
56631307546, 56631207544
56631407533, 56631307546
56631507548, 56631407533
56631607538, 56631507548
56631707549, 56631607538
56631807559, 56631707549
56631907550, 56631807559
56632007501, 56631907550
56632107535, 56632007501
56632207534, 56632107535
56632307552, 56632207534
56632407543, 56632307552
56632507561, 56632407543
56632607544, 56632507561
56632707558, 56632607544
56632807545, 56632707558
56632907559, 56632807545
56633007498, 56632907559
56633107528, 56633007498
56633207539, 56633107528
56633307533, 56633207539
56633407540, 56633307533
56633507550, 56633407540
56633607541, 56633507550
56633707551, 56633607541
56633807542, 56633707551
56633907556, 56633807542
56634007499, 56633907556
56634107533, 56634007499
56634207536, 56634107533
56634307530, 56634207536
56634407545, 56634307530
56634507539, 56634407545
56634607550, 56634507539
56634707540, 56634607550
56634807559, 56634707540
56634907545, 56634807559
56635007500, 56634907545
56635107554, 56635007500
56635207545, 56635107554
56635307539, 56635207545
56635407546, 56635307539
56635507537, 56635407546
56635607551, 56635507537
56635707558, 56635607551
56635807548, 56635707558
56635907563, 56635807548
56636007498, 56635907563
56636107532, 56636007498
56636207547, 56636107532
56636307545, 56636207547
56636407536, 56636307545
56636507550, 56636407536
56636607557, 56636507550
56636707547, 56636607557
56636807558, 56636707547
56636907544, 56636807558
56637007499, 56636907544
56637107533, 56637007499
56637207548, 56637107533
56637307550, 56637207548
56637407541, 56637307550
56652407543, 56652307528
56652507553, 56652407543
56652607544, 56652507553
56652707558, 56652607544
56652807545, 56652707558
56652907559, 56652807545
56653007498, 56652907559
56653107532, 56653007498
56653207527, 56653107532
56653307529, 56653207527
56653407544, 56653307529
56653507539, 56653407544
56653607545, 56653507539
56653707540, 56653607545
56653807558, 56653707540
56653907565, 56653807558
56654007500, 56653907565
56654107534, 56654007500
56654207549, 56654107534
56654307531, 56654207549
56654407546, 56654307531
56654507556, 56654407546
56654607551, 56654507556
56654707541, 56654607551
56654807548, 56654707541
56654907562, 56654807548
56655007497, 56654907562
56655107523, 56655007497
56655207546, 56655107523
56655307528, 56655207546
56655407539, 56655307528
56655507533, 56655407539
56655607548, 56655507533
56655707558, 56655607548
56655807549, 56655707558
56655907563, 56655807549
56656007498, 56655907563
56656107536, 56656007498
56656207531, 56656107536
56656307537, 56656207531
56656407532, 56656307537
56656507542, 56656407532
56656607537, 56656507542
56656707551, 56656607537
56656807562, 56656707551
56656907552, 56656807562
56657007499, 56656907552
56657107549, 56657007499
56657207540, 56657107549
56657307530, 56657207540
56657407541, 56657307530
56657507556, 56657407541
56657607546, 56657507556
56657707557, 56657607546
56657807551, 56657707557
56657907546, 56657807551
56658007501, 56657907546
56658107535, 56658007501
56658207554, 56658107535
56658307552, 56658207554
56658407543, 56658307552
56658507557, 56658407543
56658607548, 56658507557
56658707562, 56658607548
56658807545, 56658707562
56658907559, 56658807545
56659007498, 56658907559
56659107528, 56659007498
56659207547, 56659107528
56659307529, 56659207547
56659407540, 56659307529
56659507554, 56659407540
56659607541, 56659507554
56659707551, 56659607541
56659807542, 56659707551
56659907556, 56659807542
56660007499, 56659907556
56660107533, 56660007499
56660207548, 56660107533
56660307534, 56660207548
56660407549, 56660307534
56660507539, 56660407549
56660607550, 56660507539
56660707540, 56660607550
56660807555, 56660707540
56660907561, 56660807555
56661007500, 56660907561
56661107526, 56661007500
56661207545, 56661107526
56661307551, 56661207545
56661407538, 56661307551
56661507552, 56661407538
56661607543, 56661507552
56661707553, 56661607543
56661807548, 56661707553
56661907566, 56661807548
56662007497, 56661907566
56662107527, 56662007497
56662207534, 56662107527
56662307528, 56662207534
56662407543, 56662307528
56662507538, 56662407543
56662607548, 56662507538
56662707543, 56662607548
56662807557, 56662707543
56662907544, 56662807557
56663007499, 56662907544
56663107533, 56663007499
56663207544, 56663107533
56663307534, 56663207544
56663407549, 56663307534
56663507535, 56663407549
56663607550, 56663507535
56663707564, 56663607550
56663807547, 56663707564
56663907561, 56663807547
56664007496, 56663907561
56664107534, 56664007496
56664207525, 56664107534
56664307535, 56664207525
56664407530, 56664307535
56664507544, 56664407530
56664607555, 56664507544
56664707545, 56664607555
56664807540, 56664707545
56664907550, 56664807540
56665007497, 56664907550
56665107535, 56665007497
56665207546, 56665107535
56665307536, 56665207546
56665407551, 56665307536
56665507537, 56665407551
56665607556, 56665507537
56665707550, 56665607556
56665807561, 56665707550
56665907551, 56665807561
56666007498, 56665907551
56666107536, 56666007498
56666207543, 56666107536
56666307533, 56666207543
56666407552, 56666307533
56666507547, 56666407552
56666607557, 56666507547
56666707556, 56666607557
56666807550, 56666707556
56666907557, 56666807550
56667007500, 56666907557
56667107530, 56667007500
56667207549, 56667107530
56667307543, 56667207549
56667407554, 56667307543
56667507536, 56667407554
56667607547, 56667507536
56667707557, 56667607547
56667807564, 56667707557
56667907550, 56667807564
56668007497, 56667907550
56668107547, 56668007497
56668207538, 56668107547
56668307548, 56668207538
56668407531, 56668307548
56668507541, 56668407531
56668607556, 56668507541
56681207546, 56681107547
56681307540, 56681207546
56681407543, 56681307540
56681507553, 56681407543
56681607540, 56681507553
56681707546, 56681607540
56681807557, 56681707546
56681907567, 56681807557
56682007498, 56681907567
56682107532, 56682007498
56682207547, 56682107532
56682307545, 56682207547
56682407532, 56682307545
56682507538, 56682407532
56682607549, 56682507538
56682707559, 56682607549
56682807546, 56682707559
56682907556, 56682807546
56683007495, 56682907556
56683107525, 56683007495
56683207524, 56683107525
56683307546, 56683207524
56683407529, 56683307546
56683507539, 56683407529
56683607550, 56683507539
56683707556, 56683607550
56683807543, 56683707556
56683907553, 56683807543
56684007496, 56683907553
56684107526, 56684007496
56684207541, 56684107526
56684307543, 56684207541
56684407534, 56684307543
56684507541, 56684407534
56684607555, 56684507541
56684707542, 56684607555
56684807548, 56684707542
56684907559, 56684807548
56685007498, 56684907559
56685107548, 56685007498
56685207535, 56685107548
56685307549, 56685207535
56685407536, 56685307549
56685507550, 56685407536
56685607541, 56685507550
56685707551, 56685607541
56685807562, 56685707551
56685907552, 56685807562
56686007499, 56685907552
56686107529, 56686007499
56686207536, 56686107529
56686307546, 56686207536
56686407537, 56686307546
56686507551, 56686407537
56686607558, 56686507551
56686707548, 56686607558
56686807563, 56686707548
56686907549, 56686807563
56687007496, 56686907549
56687107522, 56687007496
56687207541, 56687107522
56687307527, 56687207541
56687407534, 56687307527
56687507548, 56687407534
56687607535, 56687507548
56687707541, 56687607535
56687807552, 56687707541
56687907542, 56687807552
56688007497, 56687907542
56688107531, 56688007497
56688207534, 56688107531
56688307528, 56688207534
56688407539, 56688307528
56688507553, 56688407539
56688607536, 56688507553
56688707550, 56688607536
56688807541, 56688707550
56688907551, 56688807541
56689007498, 56688907551
56689107528, 56689007498
56689207527, 56689107528
56689307549, 56689207527
56689407536, 56689307549
56689507547, 56689407536
56689607537, 56689507547
56689707540, 56689607537
56689807554, 56689707540
56689907545, 56689807554
56690007496, 56689907545
56690107534, 56690007496
56690207545, 56690107534
56690307527, 56690207545
56690407538, 56690307527
56690507552, 56690407538
56690607539, 56690507552
56690707549, 56690607539
56690807540, 56690707549
56690907550, 56690807540
56691007497, 56690907550
56691107527, 56691007497
56691207538, 56691107527
56691307548, 56691207538
56691407539, 56691307548
56691507545, 56691407539
56691607536, 56691507545
56691707550, 56691607536
56691807557, 56691707550
56691907551, 56691807557
56692007498, 56691907551
56692107532, 56692007498
56692207539, 56692107532
56692307529, 56692207539
56692407544, 56692307529
56692507534, 56692407544
56692607537, 56692507534
56692707547, 56692607537
56692807558, 56692707547
56692907564, 56692807558
56693007495, 56692907564
56693107525, 56693007495
56693207536, 56693107525
56693307542, 56693207536
56693407529, 56693307542
56693507536, 56693407529
56693607546, 56693507536
56693707537, 56693607546
56693807543, 56693707537
56693907558, 56693807543
56694007497, 56693907558
56694107547, 56694007497
56694207530, 56694107547
56694307548, 56694207530
56694407531, 56694307548
56694507545, 56694407531
56694607560, 56694507545
56694707542, 56694607560
56694807557, 56694707542
56694907543, 56694807557
56695007498, 56694907543
56695107532, 56695007498
56695207535, 56695107532
56710007496, 56709907549
56710107526, 56710007496
56710207545, 56710107526
56710307547, 56710207545
56710407538, 56710307547
56710507548, 56710407538
56710607543, 56710507548
56710707553, 56710607543
56710807540, 56710707553
56710907554, 56710807540
56711007497, 56710907554
56711107523, 56711007497
56711207526, 56711107523
56711307548, 56711207526
56711407535, 56711307548
56711507550, 56711407535
56711607540, 56711507550
56711707551, 56711607540
56711807541, 56711707551
56711907560, 56711807541
56712007499, 56711907560
56712107529, 56712007499
56712207536, 56712107529
56712307546, 56712207536
56712407533, 56712307546
56712507547, 56712407533
56712607554, 56712507547
56712707544, 56712607554
56712807555, 56712707544
56712907565, 56712807555
56713007496, 56712907565
56713107526, 56713007496
56713207525, 56713107526
56713307547, 56713207525
56713407530, 56713307547
56713507544, 56713407530
56713607535, 56713507544
56713707541, 56713607535
56713807556, 56713707541
56713907550, 56713807556
56714007497, 56713907550
56714107531, 56714007497
56714207542, 56714107531
56714307548, 56714207542
56714407539, 56714307548
56714507553, 56714407539
56714607540, 56714507553
56714707554, 56714607540
56714807545, 56714707554
56714907551, 56714807545
56715007494, 56714907551
56715107532, 56715007494
56715207539, 56715107532
56715307525, 56715207539
56715407532, 56715307525
56715507547, 56715407532
56715607537, 56715507547
56715707544, 56715607537
56715807558, 56715707544
56715907549, 56715807558
56716007496, 56715907549
56716107530, 56716007496
56716207537, 56716107530
56716307547, 56716207537
56716407538, 56716307547
56716507552, 56716407538
56716607535, 56716507552
56716707549, 56716607535
56716807544, 56716707549
56716907550, 56716807544
56717007497, 56716907550
56717107531, 56717007497
56717207538, 56717107531
56717307528, 56717207538
56717407547, 56717307528
56717507533, 56717407547
56717607548, 56717507533
56717707542, 56717607548
56717807553, 56717707542
56717907547, 56717807553
56718007498, 56717907547
56718107536, 56718007498
56718207539, 56718107536
56718307549, 56718207539
56718407540, 56718307549
56718507554, 56718407540
56718607537, 56718507554
56718707551, 56718607537
56718807542, 56718707551
56718907548, 56718807542
56719007495, 56718907548
56719107525, 56719007495
56719207540, 56719107525
56719307538, 56719207540
56719407529, 56719307538
56719507539, 56719407529
56719607554, 56719507539
56719707544, 56719607554
56719807551, 56719707544
56719907545, 56719807551
56720007496, 56719907545
56720107522, 56720007496
