# from_timestamp_us, to_timestamp_us
56631107525, 56631207544
56631207544, 56631307546
56631307546, 56631407533
56631407533, 56631507548
56631507548, 56631607538
56631607538, 56631707549
56631707549, 56631807559
56631807559, 56631907550
56631907550, 56632007501
56632007501, 56632107535
56632107535, 56632207534
56632207534, 56632307552
56632307552, 56632407543
56632407543, 56632507561
56632507561, 56632607544
56632607544, 56632707558
56632707558, 56632807545
56632807545, 56632907559
56632907559, 56633007498
56633007498, 56633107528
56633107528, 56633207539
56633207539, 56633307533
56633307533, 56633407540
56633407540, 56633507550
56633507550, 56633607541
56633607541, 56633707551
56633707551, 56633807542
56633807542, 56633907556
56633907556, 56634007499
56634007499, 56634107533
56634107533, 56634207536
56634207536, 56634307530
56634307530, 56634407545
56634407545, 56634507539
56634507539, 56634607550
56634607550, 56634707540
56634707540, 56634807559
56634807559, 56634907545
56634907545, 56635007500
56635007500, 56635107554
56635107554, 56635207545
56635207545, 56635307539
56635307539, 56635407546
56635407546, 56635507537
56635507537, 56635607551
56635607551, 56635707558
56635707558, 56635807548
56635807548, 56635907563
56635907563, 56636007498
56636007498, 56636107532
56636107532, 56636207547
56636207547, 56636307545
56636307545, 56636407536
56636407536, 56636507550
56636507550, 56636607557
56636607557, 56636707547
56636707547, 56636807558
56636807558, 56636907544
56636907544, 56637007499
56637007499, 56637107533
56637107533, 56637207548
56637207548, 56637307550
56637307550, 56637407541
56637407541, 56637507547
56652407543, 56652507553
56652507553, 56652607544
56652607544, 56652707558
56652707558, 56652807545
56652807545, 56652907559
56652907559, 56653007498
56653007498, 56653107532
56653107532, 56653207527
56653207527, 56653307529
56653307529, 56653407544
56653407544, 56653507539
56653507539, 56653607545
56653607545, 56653707540
56653707540, 56653807558
56653807558, 56653907565
56653907565, 56654007500
56654007500, 56654107534
56654107534, 56654207549
56654207549, 56654307531
56654307531, 56654407546
56654407546, 56654507556
56654507556, 56654607551
56654607551, 56654707541
56654707541, 56654807548
56654807548, 56654907562
56654907562, 56655007497
56655007497, 56655107523
56655107523, 56655207546
56655207546, 56655307528
56655307528, 56655407539
56655407539, 56655507533
56655507533, 56655607548
56655607548, 56655707558
56655707558, 56655807549
56655807549, 56655907563
56655907563, 56656007498
56656007498, 56656107536
56656107536, 56656207531
56656207531, 56656307537
56656307537, 56656407532
56656407532, 56656507542
56656507542, 56656607537
56656607537, 56656707551
56656707551, 56656807562
56656807562, 56656907552
56656907552, 56657007499
56657007499, 56657107549
56657107549, 56657207540
56657207540, 56657307530
56657307530, 56657407541
56657407541, 56657507556
56657507556, 56657607546
56657607546, 56657707557
56657707557, 56657807551
56657807551, 56657907546
56657907546, 56658007501
56658007501, 56658107535
56658107535, 56658207554
56658207554, 56658307552
56658307552, 56658407543
56658407543, 56658507557
56658507557, 56658607548
56658607548, 56658707562
56658707562, 56658807545
56658807545, 56658907559
56658907559, 56659007498
56659007498, 56659107528
56659107528, 56659207547
56659207547, 56659307529
56659307529, 56659407540
56659407540, 56659507554
56659507554, 56659607541
56659607541, 56659707551
56659707551, 56659807542
56659807542, 56659907556
56659907556, 56660007499
56660007499, 56660107533
56660107533, 56660207548
56660207548, 56660307534
56660307534, 56660407549
56660407549, 56660507539
56660507539, 56660607550
56660607550, 56660707540
56660707540, 56660807555
56660807555, 56660907561
56660907561, 56661007500
56661007500, 56661107526
56661107526, 56661207545
56661207545, 56661307551
56661307551, 56661407538
56661407538, 56661507552
56661507552, 56661607543
56661607543, 56661707553
56661707553, 56661807548
56661807548, 56661907566
56661907566, 56662007497
56662007497, 56662107527
56662107527, 56662207534
56662207534, 56662307528
56662307528, 56662407543
56662407543, 56662507538
56662507538, 56662607548
56662607548, 56662707543
56662707543, 56662807557
56662807557, 56662907544
56662907544, 56663007499
56663007499, 56663107533
56663107533, 56663207544
56663207544, 56663307534
56663307534, 56663407549
56663407549, 56663507535
56663507535, 56663607550
56663607550, 56663707564
56663707564, 56663807547
56663807547, 56663907561
56663907561, 56664007496
56664007496, 56664107534
56664107534, 56664207525
56664207525, 56664307535
56664307535, 56664407530
56664407530, 56664507544
56664507544, 56664607555
56664607555, 56664707545
56664707545, 56664807540
56664807540, 56664907550
56664907550, 56665007497
56665007497, 56665107535
56665107535, 56665207546
56665207546, 56665307536
56665307536, 56665407551
56665407551, 56665507537
56665507537, 56665607556
56665607556, 56665707550
56665707550, 56665807561
56665807561, 56665907551
56665907551, 56666007498
56666007498, 56666107536
56666107536, 56666207543
56666207543, 56666307533
56666307533, 56666407552
56666407552, 56666507547
56666507547, 56666607557
56666607557, 56666707556
56666707556, 56666807550
56666807550, 56666907557
56666907557, 56667007500
56667007500, 56667107530
56667107530, 56667207549
56667207549, 56667307543
56667307543, 56667407554
56667407554, 56667507536
56667507536, 56667607547
56667607547, 56667707557
56667707557, 56667807564
56667807564, 56667907550
56667907550, 56668007497
56668007497, 56668107547
56668107547, 56668207538
56668207538, 56668307548
56668307548, 56668407531
56668407531, 56668507541
56668507541, 56668607556
56668607556, 56668707538
56681207546, 56681307540
56681307540, 56681407543
56681407543, 56681507553
56681507553, 56681607540
56681607540, 56681707546
56681707546, 56681807557
56681807557, 56681907567
56681907567, 56682007498
56682007498, 56682107532
56682107532, 56682207547
56682207547, 56682307545
56682307545, 56682407532
56682407532, 56682507538
56682507538, 56682607549
56682607549, 56682707559
56682707559, 56682807546
56682807546, 56682907556
56682907556, 56683007495
56683007495, 56683107525
56683107525, 56683207524
56683207524, 56683307546
56683307546, 56683407529
56683407529, 56683507539
56683507539, 56683607550
56683607550, 56683707556
56683707556, 56683807543
56683807543, 56683907553
56683907553, 56684007496
56684007496, 56684107526
56684107526, 56684207541
56684207541, 56684307543
56684307543, 56684407534
56684407534, 56684507541
56684507541, 56684607555
56684607555, 56684707542
56684707542, 56684807548
56684807548, 56684907559
56684907559, 56685007498
56685007498, 56685107548
56685107548, 56685207535
56685207535, 56685307549
56685307549, 56685407536
56685407536, 56685507550
56685507550, 56685607541
56685607541, 56685707551
56685707551, 56685807562
56685807562, 56685907552
56685907552, 56686007499
56686007499, 56686107529
56686107529, 56686207536
56686207536, 56686307546
56686307546, 56686407537
56686407537, 56686507551
56686507551, 56686607558
56686607558, 56686707548
56686707548, 56686807563
56686807563, 56686907549
56686907549, 56687007496
56687007496, 56687107522
56687107522, 56687207541
56687207541, 56687307527
56687307527, 56687407534
56687407534, 56687507548
56687507548, 56687607535
56687607535, 56687707541
56687707541, 56687807552
56687807552, 56687907542
56687907542, 56688007497
56688007497, 56688107531
56688107531, 56688207534
56688207534, 56688307528
56688307528, 56688407539
56688407539, 56688507553
56688507553, 56688607536
56688607536, 56688707550
56688707550, 56688807541
56688807541, 56688907551
56688907551, 56689007498
56689007498, 56689107528
56689107528, 56689207527
56689207527, 56689307549
56689307549, 56689407536
56689407536, 56689507547
56689507547, 56689607537
56689607537, 56689707540
56689707540, 56689807554
56689807554, 56689907545
56689907545, 56690007496
56690007496, 56690107534
56690107534, 56690207545
56690207545, 56690307527
56690307527, 56690407538
56690407538, 56690507552
56690507552, 56690607539
56690607539, 56690707549
56690707549, 56690807540
56690807540, 56690907550
56690907550, 56691007497
56691007497, 56691107527
56691107527, 56691207538
56691207538, 56691307548
56691307548, 56691407539
56691407539, 56691507545
56691507545, 56691607536
56691607536, 56691707550
56691707550, 56691807557
56691807557, 56691907551
56691907551, 56692007498
56692007498, 56692107532
56692107532, 56692207539
56692207539, 56692307529
56692307529, 56692407544
56692407544, 56692507534
56692507534, 56692607537
56692607537, 56692707547
56692707547, 56692807558
56692807558, 56692907564
56692907564, 56693007495
56693007495, 56693107525
56693107525, 56693207536
56693207536, 56693307542
56693307542, 56693407529
56693407529, 56693507536
56693507536, 56693607546
56693607546, 56693707537
56693707537, 56693807543
56693807543, 56693907558
56693907558, 56694007497
56694007497, 56694107547
56694107547, 56694207530
56694207530, 56694307548
56694307548, 56694407531
56694407531, 56694507545
56694507545, 56694607560
56694607560, 56694707542
56694707542, 56694807557
56694807557, 56694907543
56694907543, 56695007498
56695007498, 56695107532
56695107532, 56695207535
56695207535, 56695307549
56710007496, 56710107526
56710107526, 56710207545
56710207545, 56710307547
56710307547, 56710407538
56710407538, 56710507548
56710507548, 56710607543
56710607543, 56710707553
56710707553, 56710807540
56710807540, 56710907554
56710907554, 56711007497
56711007497, 56711107523
56711107523, 56711207526
56711207526, 56711307548
56711307548, 56711407535
56711407535, 56711507550
56711507550, 56711607540
56711607540, 56711707551
56711707551, 56711807541
56711807541, 56711907560
56711907560, 56712007499
56712007499, 56712107529
56712107529, 56712207536
56712207536, 56712307546
56712307546, 56712407533
56712407533, 56712507547
56712507547, 56712607554
56712607554, 56712707544
56712707544, 56712807555
56712807555, 56712907565
56712907565, 56713007496
56713007496, 56713107526
56713107526, 56713207525
56713207525, 56713307547
56713307547, 56713407530
56713407530, 56713507544
56713507544, 56713607535
56713607535, 56713707541
56713707541, 56713807556
56713807556, 56713907550
56713907550, 56714007497
56714007497, 56714107531
56714107531, 56714207542
56714207542, 56714307548
56714307548, 56714407539
56714407539, 56714507553
56714507553, 56714607540
56714607540, 56714707554
56714707554, 56714807545
56714807545, 56714907551
56714907551, 56715007494
56715007494, 56715107532
56715107532, 56715207539
56715207539, 56715307525
56715307525, 56715407532
56715407532, 56715507547
56715507547, 56715607537
56715607537, 56715707544
56715707544, 56715807558
56715807558, 56715907549
56715907549, 56716007496
56716007496, 56716107530
56716107530, 56716207537
56716207537, 56716307547
56716307547, 56716407538
56716407538, 56716507552
56716507552, 56716607535
56716607535, 56716707549
56716707549, 56716807544
56716807544, 56716907550
56716907550, 56717007497
56717007497, 56717107531
56717107531, 56717207538
56717207538, 56717307528
56717307528, 56717407547
56717407547, 56717507533
56717507533, 56717607548
56717607548, 56717707542
56717707542, 56717807553
56717807553, 56717907547
56717907547, 56718007498
56718007498, 56718107536
56718107536, 56718207539
56718207539, 56718307549
56718307549, 56718407540
56718407540, 56718507554
56718507554, 56718607537
56718607537, 56718707551
56718707551, 56718807542
56718807542, 56718907548
56718907548, 56719007495
56719007495, 56719107525
56719107525, 56719207540
56719207540, 56719307538
56719307538, 56719407529
56719407529, 56719507539
56719507539, 56719607554
56719607554, 56719707544
56719707544, 56719807551
56719807551, 56719907545
56719907545, 56720007496
56720007496, 56720107522
56720107522, 56720207537
