36470600624
36470650650
36470700641
36470750666
36470800672
36470850668
36470900688
36470950692
36471000636
36471050669
36471100678
36471150690
36471200689
36471250679
36471300691
36471350682
36471400673
36471450683
36471500679
36471550696
36471600684
36471650679
36471700698
36471750694
36471800694
36471850718
36471900717
36471950724
36472000661
36472050687
36472100694
36472150705
36472200701
36472250720
36472300716
36472350713
36472400738
36472450734
36472500733
36472550761
36472600760
36472650761
36472700786
36472750784
36472800812
36472850818
36472900818
36472950828
36473000788
36473050844
36473100836
36473150858
36473200865
36473250892
36473300888
36473350916
36473400921
36473450923
36473500951
36473550953
36473600972
36473650973
36473700974
36473750998
36473800999
36473851014
36473901006
36473951019
36474000966
36474050996
36474101006
36474151020
36474201009
36474251002
36474301019
36474351012
36474401006
36474451019
36474501012
36474551006
36474601023
36474651009
36474700996
36474750998
36474800984
36474850974
36474900980
36474950974
36475000912
36475050947
36475100950
36475150932
36475200922
36475250936
36475300917
36475350894
36475400899
36475450876
36475500855
36475550854
36475600825
36475650819
36475700796
36475750770
36475800746
36475850750
36475900724
36475950700
36476000634
36476050644
36476100634
36476150630
36476200606
36476250610
36476300590
36476350573
36476400583
36476450573
36476500552
36476550562
36476600549
36476650540
36476700551
36476750538
36476800544
36476850540
36476900531
36476950517
36477000470
36477050510
36477100512
36477150494
36477200492
36477250509
36477300506
36477350495
36477400513
36477450506
36477500499
36477550520
36477600514
36477650523
36477700516
36477750513
36477800507
36477850508
36477900521
36477950510
36478000467
36478050494
36478100502
36478150518
36478200510
36478250526
36478300523
36478350517
36478400514
36478450531
36478500520
36478550517
36478600535
36478650532
36478700524
36478750538
36478800525
36478850522
36478900539
36478950532
36479000474
36479050519
36479100520
36479150505
36479200503
36479250520
36479300513
36479350534
36479400523
36479450523
36479500518
36479550534
36479600525
36479650538
36479700528
36479750544
36479800538
36479850535
36479900548
36479950537
36480000479
36480050530
36480100512
36480150522
36480200523
36480250535
36480300530
36480350526
36480400552
36480450549
36480500546
36480550563
36480600565
36480650562
36480700584
36480750586
36480800577
36480850603
36480900598
36480950600
36481000554
36481050584
36481100586
36481150601
36481200599
36481250596
36481300613
36481350611
36481400597
36481450614
36481500607
36481550603
36481600620
36481650611
36481700599
36481750620
36481800614
36481850615
36481900604
36481950625
36482000555
36482050578
36482100586
36482150599
36482200593
36482250582
36482300594
36482350590
36482400584
36482450600
36482500598
36482550586
36482600606
36482650602
36482700601
36482750622
36482800626
36482850620
36482900637
36482950639
36483000586
36483050617
36483100652
36483150639
36483200638
36483250665
36483300663
36483350660
36483400671
36483450670
36483500662
36483550681
36483600676
36483650672
36483700681
36483750674
36483800672
36483850693
36483900680
36483950675
36484000625
36484050670
36484100651
36484150666
36484200662
36484250682
36484300673
36484350669
36484400690
36484450685
36484500684
36484550702
36484600691
36484650690
36484700714
36484750723
36484800728
36484850757
36484900762
36484950768
36485000732
36485050776
36485100799
36485150821
36485200838
36485250851
36485300886
36485350897
36485400904
36485450927
36485500926
36485550928
36485600947
36485650941
36485700940
36485750954
36485800953
36485850960
36485900954
36485950968
36486000904
36486050939
36486100951
36486150968
36486200964
36486250958
36486300971
36486350964
36486400958
36486450979
36486500972
36486550965
36486600979
36486650972
36486700969
36486750986
36486800980
36486850977
36486900983
36486950982
36487000917
36487050938
36487100942
36487150942
36487200935
36487250931
36487300945
36487350940
36487400932
36487450942
36487500927
36487550914
36487600902
36487650909
36487700898
36487750897
36487800883
36487850878
36487900862
36487950882
36488000816
36488050857
36488100862
36488150847
36488200848
36488250866
36488300866
36488350856
36488400877
36488450871
36488500870
36488550869
36488600880
36488650879
36488700881
36488750901
36488800900
36488850900
36488900914
36488950922
36489000860
36489050888
36489100898
36489150915
36489200909
36489250930
36489300928
36489350925
36489400950
36489450954
36489500944
36489550968
36489600967
36489650970
36489700992
36489750990
36489800983
36489850985
36489900999
36489950991
36490000944
36490050993
36490100979
36490150998
36490200997
36490251000
36490301024
36490351020
36490401043
36490451043
36490501045
36490551044
36490601062
36490651053
36490701049
36490751066
36490801060
36490851073
36490901066
36490951067
36491001009
36491051039
36491101052
36491151069
36491201058
36491251051
36491301072
36491351065
36491401063
36491451056
36491501069
36491551062
36491601080
36491651077
36491701070
36491751067
36491801077
36491851066
36491901079
36491951088
36492001022
36492051051
36492101052
36492151065
36492201055
36492251041
36492301057
36492351040
36492401031
36492451046
36492501039
36492551034
36492601026
36492651032
36492701024
36492751040
36492801034
36492851044
36492901022
36492951017
36493000962
36493050980
36493100979
36493150986
36493200972
36493250978
36493300963
36493350953
36493400942
36493450954
36493500941
36493550950
36493600940
36493650933
36493700922
36493750939
36493800924
36493850938
36493900927
36493950919
36494000856
36494050879
36494100872
36494150880
36494200868
36494250860
36494300872
36494350860
36494400864
36494450856
36494500844
36494550834
36494600846
36494650833
36494700840
36494750827
36494800816
36494850827
36494900811
36494950805
36495000746
36495050768
36495100765
36495150768
36495200760
36495250742
36495300754
36495350740
36495400729
36495450740
36495500727
36495550729
36495600715
36495650701
36495700708
36495750698
36495800687
36495850698
36495900686
36495950690
36496000620
36496050640
36496100638
36496150641
36496200637
36496250651
36496300643
36496350634
36496400647
36496450636
36496500626
36496550644
36496600635
36496650626
36496700637
36496750627
36496800618
36496850623
36496900632
36496950611
36497000563
36497050587
36497100595
36497150598
36497200590
36497250602
36497300586
36497350575
36497400588
36497450582
36497500571
36497550591
36497600576
36497650571
36497700563
36497750581
36497800572
36497850578
36497900566
36497950576
36498000515
36498050541
36498100544
36498150546
36498200541
36498250532
36498300546
36498350543
36498400537
36498450548
36498500542
36498550533
36498600548
36498650538
36498700533
36498750542
36498800540
36498850541
36498900538
36498950551
36499000485
36499050534
36499100515
36499150528
36499200522
36499250515
36499300524
36499350521
36499400535
36499450524
36499500541
36499550530
36499600544
36499650537
36499700528
36499750542
36499800533
36499850529
36499900538
36499950531
36500000473
36500050498
36500100503
36500150512
36500200506
36500250523
36500300512
36500350505
36500400523
36500450512
36500500529
36500550522
36500600516
36500650533
36500700526
36500750536
36500800532
36500850532
36500900548
36500950549
36501000492
36501050524
36501100534
36501150549
36501200548
36501250568
36501300564
36501350555
36501400574
36501450568
36501500560
36501550578
36501600569
36501650584
36501700582
36501750577
36501800591
36501850588
36501900577
36501950590
36502000528
36502050577
36502100554
36502150567
36502200557
36502250577
36502300572
36502350569
36502400589
36502450584
36502500602
36502550601
36502600598
36502650620
36502700620
36502750641
36502800631
36502850636
36502900631
36502950647
36503000580
36503050624
36503100610
36503150627
36503200626
36503250647
36503300643
36503350657
36503400650
36503450646
36503500666
36503550660
36503600682
36503650672
36503700694
36503750694
36503800692
36503850705
36503900726
36503950739
36504000681
36504050714
36504100726
36504150746
36504200738
36504250762
36504300760
36504350758
36504400779
36504450772
36504500788
36504550784
36504600802
36504650798
36504700797
36504750819
36504800812
36504850820
36504900840
36504950839
36505000790
36505050839
36505100836
36505150821
36505200843
36505250836
36505300829
36505350838
36505400832
36505450849
36505500842
36505550835
36505600853
