# from_timestamp_us, to_timestamp_us
37467601564, 37467501614
37467701534, 37467601564
37467801490, 37467701534
37467901447, 37467801490
37468001334, 37467901447
37468101312, 37468001334
37468201280, 37468101312
37468301259, 37468201280
37468401244, 37468301259
37468501235, 37468401244
37468601228, 37468501235
37468701217, 37468601228
37468801202, 37468701217
37468901204, 37468801202
37469001158, 37468901204
37469101188, 37469001158
37469201190, 37469101188
37469301194, 37469201190
37469401196, 37469301194
37469501192, 37469401196
37469601178, 37469501192
37469701137, 37469601178
37469801117, 37469701137
37469901103, 37469801117
37470001014, 37469901103
37470101041, 37470001014
37470201007, 37470101041
37470301008, 37470201007
37470400999, 37470301008
37470501011, 37470400999
37470601021, 37470501011
37470701011, 37470601021
37470801042, 37470701011
37470901076, 37470801042
37471001029, 37470901076
37471101077, 37471001029
37471201104, 37471101077
37471301125, 37471201104
37471401152, 37471301125
37471501141, 37471401152
37471601140, 37471501141
37471701154, 37471601140
37471801164, 37471701154
37471901158, 37471801164
37472001114, 37471901158
37472101146, 37472001114
37472201148, 37472101146
37472301170, 37472201148
37472401195, 37472301170
37472501214, 37472401195
37472601225, 37472501214
37472701253, 37472601225
37472801270, 37472701253
37472901275, 37472801270
37473001209, 37472901275
37473101226, 37473001209
37473201210, 37473101226
37473301194, 37473201210
37473401190, 37473301194
37473501167, 37473401190
37473601154, 37473501167
37473701148, 37473601154
37473801135, 37473701148
37473901114, 37473801135
37474001034, 37473901114
37474101059, 37474001034
37474201065, 37474101059
37474301088, 37474201065
37474401121, 37474301088
37474501148, 37474401121
37474601156, 37474501148
37474701184, 37474601156
37474801192, 37474701184
37474901181, 37474801192
37475001114, 37474901181
37475101118, 37475001114
37475201087, 37475101118
37475301046, 37475201087
37475400996, 37475301046
37475500918, 37475400996
37475600856, 37475500918
37475700808, 37475600856
37475800769, 37475700808
37475900730, 37475800769
37476000643, 37475900730
37476100665, 37476000643
37476200657, 37476100665
37476300667, 37476200657
37476400666, 37476300667
37476500675, 37476400666
37476600698, 37476500675
37476700704, 37476600698
37476800725, 37476700704
37476900762, 37476800725
37477000720, 37476900762
37477100773, 37477000720
37477200802, 37477100773
37477300833, 37477200802
37477400858, 37477300833
37477500858, 37477400858
37477600873, 37477500858
37477700879, 37477600873
37477800868, 37477700879
37477900871, 37477800868
37478000783, 37477900871
37478100793, 37478000783
37478200782, 37478100793
37478300779, 37478200782
37478400783, 37478300779
37478500762, 37478400783
37478600770, 37478500762
37478700788, 37478600770
37478800806, 37478700788
37478900812, 37478800806
37479000791, 37478900812
37479100872, 37479000791
37483800530, 37483700544
37483900529, 37483800530
37484000484, 37483900529
37484100521, 37484000484
37484200538, 37484100521
37484300553, 37484200538
37484400550, 37484300553
37484500574, 37484400550
37484600597, 37484500574
37484700621, 37484600597
37484800618, 37484700621
37484900638, 37484800618
37485000593, 37484900638
37485100636, 37485000593
37485200658, 37485100636
37485300688, 37485200658
37485400718, 37485300688
37485500718, 37485400718
37485600746, 37485500718
37485700769, 37485600746
37485800796, 37485700769
37485900799, 37485800796
37486000760, 37485900799
37486100801, 37486000760
37486200813, 37486100801
37486300816, 37486200813
37486400799, 37486300816
37486500797, 37486400799
37486600786, 37486500797
37486700758, 37486600786
37486800753, 37486700758
37486900739, 37486800753
37487000669, 37486900739
37487100689, 37487000669
37487200680, 37487100689
37487300677, 37487200680
37487400653, 37487300677
37487500652, 37487400653
37487600630, 37487500652
37487700639, 37487600630
37487800639, 37487700639
37487900622, 37487800639
37488000572, 37487900622
37488100595, 37488000572
37488200592, 37488100595
37488300594, 37488200592
37488400582, 37488300594
37488500590, 37488400582
37488600587, 37488500590
37488700565, 37488600587
37488800576, 37488700565
37488900572, 37488800576
37489000498, 37488900572
37489100531, 37489000498
37489200532, 37489100531
37489300523, 37489200532
37489400537, 37489300523
37489500544, 37489400537
37489600530, 37489500544
37489700544, 37489600530
37489800551, 37489700544
37489900545, 37489800551
37490000493, 37489900545
37490100522, 37490000493
37490200536, 37490100522
37490300554, 37490200536
37490400538, 37490300554
37490500552, 37490400538
37490600567, 37490500552
37490700553, 37490600567
37490800564, 37490700553
37490900580, 37490800564
37491000510, 37490900580
37491100539, 37491000510
37491200544, 37491100539
37491300553, 37491200544
37491400563, 37491300553
37491500549, 37491400563
37491600562, 37491500549
37491700578, 37491600562
37491800569, 37491700578
37491900595, 37491800569
37492000530, 37491900595
37492100567, 37492000530
37492200581, 37492100567
37492300606, 37492200581
37492400597, 37492300606
37492500618, 37492400597
37492600614, 37492500618
37492700621, 37492600614
37492800639, 37492700621
37492900641, 37492800639
37493000604, 37492900641
37493100648, 37493000604
37493200672, 37493100648
37493300692, 37493200672
37493400683, 37493300692
37493500693, 37493400683
37493600720, 37493500693
37493700712, 37493600720
37493800724, 37493700712
37493900738, 37493800724
37494000693, 37493900738
37494100728, 37494000693
37494200756, 37494100728
37494300787, 37494200756
37494400788, 37494300787
37494500826, 37494400788
37494600860, 37494500826
37494700888, 37494600860
37494800898, 37494700888
37494900941, 37494800898
37495000907, 37494900941
37495100969, 37495000907
37495201012, 37495100969
37495301045, 37495201012
37495401053, 37495301045
37495501088, 37495401053
37495601121, 37495501088
37495701140, 37495601121
37495801188, 37495701140
37495901218, 37495801188
37496001189, 37495901218
37496101276, 37496001189
37496201309, 37496101276
37496301366, 37496201309
37496401414, 37496301366
37496501423, 37496401414
37496601448, 37496501423
37496701478, 37496601448
37496801498, 37496701478
37496901529, 37496801498
37497001512, 37496901529
37497101569, 37497001512
37497201589, 37497101569
37497301590, 37497201589
37497401600, 37497301590
37497501587, 37497401600
37497601589, 37497501587
37497701603, 37497601589
37497801614, 37497701603
37497901588, 37497801614
37498001513, 37497901588
37498101518, 37498001513
37498201510, 37498101518
37498301523, 37498201510
37498401544, 37498301523
37498501552, 37498401544
37498601539, 37498501552
37498701545, 37498601539
37498801559, 37498701545
37498901554, 37498801559
37499001489, 37498901554
37499101500, 37499001489
37499201489, 37499101500
37499301487, 37499201489
37499401499, 37499301487
37499501489, 37499401499
37507201377, 37507101271
37507301494, 37507201377
37507401613, 37507301494
37507501752, 37507401613
37507601859, 37507501752
37507701984, 37507601859
37507802108, 37507701984
37507902217, 37507802108
37508002262, 37507902217
37508102369, 37508002262
37508202429, 37508102369
37508302481, 37508202429
37508402486, 37508302481
37508502500, 37508402486
37508602496, 37508502500
37508702435, 37508602496
37508802382, 37508702435
37508902324, 37508802382
37509002230, 37508902324
37509102209, 37509002230
37509202183, 37509102209
37509302163, 37509202183
37509402134, 37509302163
37509502120, 37509402134
37509602090, 37509502120
37509702084, 37509602090
37509802083, 37509702084
37509902062, 37509802083
37510002002, 37509902062
37510102026, 37510002002
37510201998, 37510102026
37510301959, 37510201998
37510401911, 37510301959
37510501840, 37510401911
37510601786, 37510501840
37510701734, 37510601786
37510801667, 37510701734
37510901618, 37510801667
37511001508, 37510901618
37511101490, 37511001508
37511201446, 37511101490
37511301410, 37511201446
37511401370, 37511301410
37511501311, 37511401370
37511601285, 37511501311
37511701258, 37511601285
37511801247, 37511701258
37511901220, 37511801247
37512001147, 37511901220
37512101169, 37512001147
37512201175, 37512101169
37512301188, 37512201175
37512401200, 37512301188
37512501191, 37512401200
37512601197, 37512501191
37512701187, 37512601197
37512801187, 37512701187
37512901174, 37512801187
37513001098, 37512901174
37513101106, 37513001098
37513201074, 37513101106
37513301055, 37513201074
37513401036, 37513301055
37513501020, 37513401036
37513600996, 37513501020
37513701008, 37513600996
37513801013, 37513701008
37513901016, 37513801013
37514000960, 37513901016
37514101011, 37514000960
37514201034, 37514101011
37514301061, 37514201034
37514401088, 37514301061
37514501089, 37514401088
37514601100, 37514501089
37514701109, 37514601100
37514801100, 37514701109
37514901110, 37514801100
37515001045, 37514901110
37515101066, 37515001045
37515201070, 37515101066
37515301084, 37515201070
37515401095, 37515301084
37515501077, 37515401095
37515601088, 37515501077
37515701102, 37515601088
37515801105, 37515701102
37515901095, 37515801105
37516001038, 37515901095
37516101068, 37516001038
37516201074, 37516101068
37516301089, 37516201074
37516401091, 37516301089
37516501078, 37516401091
37516601088, 37516501078
37516701087, 37516601088
37516801069, 37516701087
37516901090, 37516801069
37517001023, 37516901090
37517101057, 37517001023
37517201048, 37517101057
37517301049, 37517201048
37517401012, 37517301049
37517500988, 37517401012
37517600968, 37517500988
37517700947, 37517600968
37517800899, 37517700947
37517900876, 37517800899
37518000794, 37517900876
37518100811, 37518000794
37518200765, 37518100811
37518300750, 37518200765
37518400723, 37518300750
37518500709, 37518400723
37518600682, 37518500709
37518700674, 37518600682
37518800642, 37518700674
37518900635, 37518800642
37519000560, 37518900635
