# from_timestamp_us, to_timestamp_us
37467601564, 37467701534
37467701534, 37467801490
37467801490, 37467901447
37467901447, 37468001334
37468001334, 37468101312
37468101312, 37468201280
37468201280, 37468301259
37468301259, 37468401244
37468401244, 37468501235
37468501235, 37468601228
37468601228, 37468701217
37468701217, 37468801202
37468801202, 37468901204
37468901204, 37469001158
37469001158, 37469101188
37469101188, 37469201190
37469201190, 37469301194
37469301194, 37469401196
37469401196, 37469501192
37469501192, 37469601178
37469601178, 37469701137
37469701137, 37469801117
37469801117, 37469901103
37469901103, 37470001014
37470001014, 37470101041
37470101041, 37470201007
37470201007, 37470301008
37470301008, 37470400999
37470400999, 37470501011
37470501011, 37470601021
37470601021, 37470701011
37470701011, 37470801042
37470801042, 37470901076
37470901076, 37471001029
37471001029, 37471101077
37471101077, 37471201104
37471201104, 37471301125
37471301125, 37471401152
37471401152, 37471501141
37471501141, 37471601140
37471601140, 37471701154
37471701154, 37471801164
37471801164, 37471901158
37471901158, 37472001114
37472001114, 37472101146
37472101146, 37472201148
37472201148, 37472301170
37472301170, 37472401195
37472401195, 37472501214
37472501214, 37472601225
37472601225, 37472701253
37472701253, 37472801270
37472801270, 37472901275
37472901275, 37473001209
37473001209, 37473101226
37473101226, 37473201210
37473201210, 37473301194
37473301194, 37473401190
37473401190, 37473501167
37473501167, 37473601154
37473601154, 37473701148
37473701148, 37473801135
37473801135, 37473901114
37473901114, 37474001034
37474001034, 37474101059
37474101059, 37474201065
37474201065, 37474301088
37474301088, 37474401121
37474401121, 37474501148
37474501148, 37474601156
37474601156, 37474701184
37474701184, 37474801192
37474801192, 37474901181
37474901181, 37475001114
37475001114, 37475101118
37475101118, 37475201087
37475201087, 37475301046
37475301046, 37475400996
37475400996, 37475500918
37475500918, 37475600856
37475600856, 37475700808
37475700808, 37475800769
37475800769, 37475900730
37475900730, 37476000643
37476000643, 37476100665
37476100665, 37476200657
37476200657, 37476300667
37476300667, 37476400666
37476400666, 37476500675
37476500675, 37476600698
37476600698, 37476700704
37476700704, 37476800725
37476800725, 37476900762
37476900762, 37477000720
37477000720, 37477100773
37477100773, 37477200802
37477200802, 37477300833
37477300833, 37477400858
37477400858, 37477500858
37477500858, 37477600873
37477600873, 37477700879
37477700879, 37477800868
37477800868, 37477900871
37477900871, 37478000783
37478000783, 37478100793
37478100793, 37478200782
37478200782, 37478300779
37478300779, 37478400783
37478400783, 37478500762
37478500762, 37478600770
37478600770, 37478700788
37478700788, 37478800806
37478800806, 37478900812
37478900812, 37479000791
37479000791, 37479100872
37479100872, 37479200892
37483800530, 37483900529
37483900529, 37484000484
37484000484, 37484100521
37484100521, 37484200538
37484200538, 37484300553
37484300553, 37484400550
37484400550, 37484500574
37484500574, 37484600597
37484600597, 37484700621
37484700621, 37484800618
37484800618, 37484900638
37484900638, 37485000593
37485000593, 37485100636
37485100636, 37485200658
37485200658, 37485300688
37485300688, 37485400718
37485400718, 37485500718
37485500718, 37485600746
37485600746, 37485700769
37485700769, 37485800796
37485800796, 37485900799
37485900799, 37486000760
37486000760, 37486100801
37486100801, 37486200813
37486200813, 37486300816
37486300816, 37486400799
37486400799, 37486500797
37486500797, 37486600786
37486600786, 37486700758
37486700758, 37486800753
37486800753, 37486900739
37486900739, 37487000669
37487000669, 37487100689
37487100689, 37487200680
37487200680, 37487300677
37487300677, 37487400653
37487400653, 37487500652
37487500652, 37487600630
37487600630, 37487700639
37487700639, 37487800639
37487800639, 37487900622
37487900622, 37488000572
37488000572, 37488100595
37488100595, 37488200592
37488200592, 37488300594
37488300594, 37488400582
37488400582, 37488500590
37488500590, 37488600587
37488600587, 37488700565
37488700565, 37488800576
37488800576, 37488900572
37488900572, 37489000498
37489000498, 37489100531
37489100531, 37489200532
37489200532, 37489300523
37489300523, 37489400537
37489400537, 37489500544
37489500544, 37489600530
37489600530, 37489700544
37489700544, 37489800551
37489800551, 37489900545
37489900545, 37490000493
37490000493, 37490100522
37490100522, 37490200536
37490200536, 37490300554
37490300554, 37490400538
37490400538, 37490500552
37490500552, 37490600567
37490600567, 37490700553
37490700553, 37490800564
37490800564, 37490900580
37490900580, 37491000510
37491000510, 37491100539
37491100539, 37491200544
37491200544, 37491300553
37491300553, 37491400563
37491400563, 37491500549
37491500549, 37491600562
37491600562, 37491700578
37491700578, 37491800569
37491800569, 37491900595
37491900595, 37492000530
37492000530, 37492100567
37492100567, 37492200581
37492200581, 37492300606
37492300606, 37492400597
37492400597, 37492500618
37492500618, 37492600614
37492600614, 37492700621
37492700621, 37492800639
37492800639, 37492900641
37492900641, 37493000604
37493000604, 37493100648
37493100648, 37493200672
37493200672, 37493300692
37493300692, 37493400683
37493400683, 37493500693
37493500693, 37493600720
37493600720, 37493700712
37493700712, 37493800724
37493800724, 37493900738
37493900738, 37494000693
37494000693, 37494100728
37494100728, 37494200756
37494200756, 37494300787
37494300787, 37494400788
37494400788, 37494500826
37494500826, 37494600860
37494600860, 37494700888
37494700888, 37494800898
37494800898, 37494900941
37494900941, 37495000907
37495000907, 37495100969
37495100969, 37495201012
37495201012, 37495301045
37495301045, 37495401053
37495401053, 37495501088
37495501088, 37495601121
37495601121, 37495701140
37495701140, 37495801188
37495801188, 37495901218
37495901218, 37496001189
37496001189, 37496101276
37496101276, 37496201309
37496201309, 37496301366
37496301366, 37496401414
37496401414, 37496501423
37496501423, 37496601448
37496601448, 37496701478
37496701478, 37496801498
37496801498, 37496901529
37496901529, 37497001512
37497001512, 37497101569
37497101569, 37497201589
37497201589, 37497301590
37497301590, 37497401600
37497401600, 37497501587
37497501587, 37497601589
37497601589, 37497701603
37497701603, 37497801614
37497801614, 37497901588
37497901588, 37498001513
37498001513, 37498101518
37498101518, 37498201510
37498201510, 37498301523
37498301523, 37498401544
37498401544, 37498501552
37498501552, 37498601539
37498601539, 37498701545
37498701545, 37498801559
37498801559, 37498901554
37498901554, 37499001489
37499001489, 37499101500
37499101500, 37499201489
37499201489, 37499301487
37499301487, 37499401499
37499401499, 37499501489
37499501489, 37499601504
37507201377, 37507301494
37507301494, 37507401613
37507401613, 37507501752
37507501752, 37507601859
37507601859, 37507701984
37507701984, 37507802108
37507802108, 37507902217
37507902217, 37508002262
37508002262, 37508102369
37508102369, 37508202429
37508202429, 37508302481
37508302481, 37508402486
37508402486, 37508502500
37508502500, 37508602496
37508602496, 37508702435
37508702435, 37508802382
37508802382, 37508902324
37508902324, 37509002230
37509002230, 37509102209
37509102209, 37509202183
37509202183, 37509302163
37509302163, 37509402134
37509402134, 37509502120
37509502120, 37509602090
37509602090, 37509702084
37509702084, 37509802083
37509802083, 37509902062
37509902062, 37510002002
37510002002, 37510102026
37510102026, 37510201998
37510201998, 37510301959
37510301959, 37510401911
37510401911, 37510501840
37510501840, 37510601786
37510601786, 37510701734
37510701734, 37510801667
37510801667, 37510901618
37510901618, 37511001508
37511001508, 37511101490
37511101490, 37511201446
37511201446, 37511301410
37511301410, 37511401370
37511401370, 37511501311
37511501311, 37511601285
37511601285, 37511701258
37511701258, 37511801247
37511801247, 37511901220
37511901220, 37512001147
37512001147, 37512101169
37512101169, 37512201175
37512201175, 37512301188
37512301188, 37512401200
37512401200, 37512501191
37512501191, 37512601197
37512601197, 37512701187
37512701187, 37512801187
37512801187, 37512901174
37512901174, 37513001098
37513001098, 37513101106
37513101106, 37513201074
37513201074, 37513301055
37513301055, 37513401036
37513401036, 37513501020
37513501020, 37513600996
37513600996, 37513701008
37513701008, 37513801013
37513801013, 37513901016
37513901016, 37514000960
37514000960, 37514101011
37514101011, 37514201034
37514201034, 37514301061
37514301061, 37514401088
37514401088, 37514501089
37514501089, 37514601100
37514601100, 37514701109
37514701109, 37514801100
37514801100, 37514901110
37514901110, 37515001045
37515001045, 37515101066
37515101066, 37515201070
37515201070, 37515301084
37515301084, 37515401095
37515401095, 37515501077
37515501077, 37515601088
37515601088, 37515701102
37515701102, 37515801105
37515801105, 37515901095
37515901095, 37516001038
37516001038, 37516101068
37516101068, 37516201074
37516201074, 37516301089
37516301089, 37516401091
37516401091, 37516501078
37516501078, 37516601088
37516601088, 37516701087
37516701087, 37516801069
37516801069, 37516901090
37516901090, 37517001023
37517001023, 37517101057
37517101057, 37517201048
37517201048, 37517301049
37517301049, 37517401012
37517401012, 37517500988
37517500988, 37517600968
37517600968, 37517700947
37517700947, 37517800899
37517800899, 37517900876
37517900876, 37518000794
37518000794, 37518100811
37518100811, 37518200765
37518200765, 37518300750
37518300750, 37518400723
37518400723, 37518500709
37518500709, 37518600682
37518600682, 37518700674
37518700674, 37518800642
37518800642, 37518900635
37518900635, 37519000560
37519000560, 37519100582
