37379400825
37379450822
37379500828
37379550828
37379600834
37379650839
37379700840
37379750846
37379800850
37379850864
37379900868
37379950872
37380000826
37380050872
37380100873
37380150878
37380200892
37380250901
37380300906
37380350912
37380400918
37380450926
37380500936
37380550962
37380600938
37380650938
37380700939
37380750941
37380800946
37380850943
37380900944
37380950945
37381000899
37381050940
37381100933
37381150950
37381200928
37381250929
37381300934
37381350935
37381400937
37381450951
37381500931
37381550932
37381600934
37381650939
37381700940
37381750937
37381800939
37381850948
37381900944
37381950940
37382000890
37382050928
37382100920
37382150939
37382200916
37382250911
37382300923
37382350918
37382400892
37382450887
37382500881
37382550878
37382600887
37382650860
37382700854
37382750848
37382800846
37382850841
37382900847
37382950824
37383000768
37383050799
37383100786
37383150801
37383200793
37383250790
37383300785
37383350782
37383400759
37383450772
37383500772
37383550766
37383600760
37383650752
37383700743
37383750732
37383800724
37383850718
37383900704
37383950695
37384000620
37384050636
37384100642
37384150633
37384200630
37384250621
37384300613
37384350602
37384400597
37384450596
37384500590
37384550584
37384600585
37384650572
37384700570
37384750566
37384800563
37384850542
37384900552
37384950531
37385000480
37385050509
37385100498
37385150516
37385200508
37385250507
37385300504
37385350501
37385400500
37385450500
37385500492
37385550494
37385600492
37385650491
37385700489
37385750495
37385800488
37385850489
37385900490
37385950499
37386000433
37386050466
37386100483
37386150480
37386200462
37386250463
37386300464
37386350481
37386400483
37386450484
37386500489
37386550490
37386600492
37386650488
37386700489
37386750492
37386800493
37386850472
37386900491
37386950492
37387000422
37387050455
37387100448
37387150469
37387200466
37387250468
37387300473
37387350474
37387400475
37387450476
37387500474
37387550479
37387600480
37387650461
37387700466
37387750468
37387800465
37387850466
37387900467
37387950476
37388000422
37388050459
37388100468
37388150469
37388200450
37388250456
37388300457
37388350482
37388400475
37388450476
37388500478
37388550479
37388600480
37388650476
37388700477
37388750479
37388800480
37388850481
37388900474
37388950483
37389000421
37389050454
37389100447
37389150468
37389200452
37389250470
37389300474
37389350476
37389400478
37389450461
37389500489
37389550487
37389600484
37389650486
37389700490
37389750494
37389800497
37389850491
37389900507
37389950502
37390000440
37390050479
37390100494
37390150490
37390200498
37390250502
37390300506
37390350510
37390400506
37390450509
37390500514
37390550522
37390600525
37390650526
37390700521
37390750529
37390800533
37390850538
37390900528
37390950550
37391000486
37391050526
37391100522
37391150520
37391200526
37391250547
37391300550
37391350534
37391400538
37391450546
37391500552
37391550572
37391600576
37391650580
37391700563
37391750568
37391800577
37391850597
37391900594
37391950590
37392000544
37392050584
37392100607
37392150604
37392200592
37392250600
37392300609
37392350620
37392400659
37392450664
37392500657
37392550670
37392600682
37392650697
37392700724
37392750732
37392800724
37392850737
37392900756
37392950757
37393000710
37393050754
37393100754
37393150757
37393200766
37393250778
37393300777
37393350778
37393400783
37393450784
37393500790
37393550791
37393600784
37393650785
37393700788
37393750788
37393800787
37393850781
37393900771
37393950775
37394000714
37394050746
37394100732
37394150745
37394200721
37394250719
37394300721
37394350722
37394400727
37394450720
37394500726
37394550727
37394600728
37394650733
37394700734
37394750728
37394800729
37394850746
37394900740
37394950739
37395000690
37395050730
37395100728
37395150729
37395200740
37395250750
37395300754
37395350765
37395400782
37395450792
37395500808
37395550820
37395600826
37395650844
37395700858
37395750872
37395800894
37395850914
37395900927
37395950951
37396000917
37396050974
37396100988
37396151031
37396201050
37396251075
37396301079
37396351104
37396401128
37396451172
37396501178
37396551201
37396601226
37396651256
37396701282
37396751306
37396801334
37396851363
37396901388
37396951418
37397001386
37397051438
37397101479
37397151500
37397201532
37397251540
37397301598
37397351608
37397401646
37397451687
37397501726
37397551761
37397601788
37397651823
37397701848
37397751876
37397801897
37397851918
37397901927
37397951945
37398001902
37398051958
37398101966
37398151978
37398201988
37398252006
37398302014
37398352020
37398402030
37398452033
37398502030
37398552035
37398602042
37398652049
37398702057
37398752063
37398802066
37398852079
37398902075
37398952080
37399002014
37399052047
37399102060
37399152054
37399202050
37399252020
37399302013
37399351996
37399401987
37399451973
37399501968
37399551964
37399601964
37399651951
37399701943
37399751938
37399801930
37399851923
37399901916
37399951930
37400001864
37400051908
37400101904
37400151899
37400201901
37400251902
37400301907
37400351908
37400401910
37400451915
37400501912
37400551906
37400601902
37400651892
37400701882
37400751872
37400801856
37400851849
37400901830
37400951820
37401001736
37401051755
37401101716
37401151713
37401201687
37401251662
37401301636
37401351610
37401401583
37401451560
37401501544
37401551522
37401601510
37401651484
37401701472
37401751456
37401801440
37401851418
37401901402
37401951403
37402001333
37402051357
37402101343
37402151358
37402201337
37402251355
37402301348
37402351341
37402401312
37402451299
37402501317
37402551276
37402601262
37402651251
37402701237
37402751223
37402801228
37402851196
37402901172
37402951172
37403001094
37403051112
37403101103
37403151081
37403201063
37403251046
37403301028
37403351010
37403400986
37403450970
37403500958
37403550941
37403600924
37403650908
37403700886
37403750869
37403800852
37403850834
37403900813
37403950800
37404000728
37404050743
37404100720
37404150724
37404200690
37404250693
37404300680
37404350668
37404400659
37404450650
37404500643
37404550634
37404600629
37404650626
37404700624
37404750624
37404800624
37404850636
37404900634
37404950622
37405000564
37405050599
37405100614
37405150601
37405200599
37405250598
37405300601
37405350599
37405400592
37405450593
37405500595
37405550596
37405600600
37405650605
37405700607
37405750616
37405800625
37405850635
37405900642
37405950661
37406000612
37406050659
37406100660
37406150665
37406200678
37406250690
37406300693
37406350698
37406400707
37406450712
37406500721
37406550724
37406600724
37406650727
37406700736
37406750741
37406800746
37406850759
37406900764
37406950761
37407000710
37407050744
37407100736
37407150753
37407200760
37407250745
37407300749
37407350757
37407400762
37407450755
37407500761
37407550762
37407600767
37407650768
37407700769
37407750767
37407800772
37407850765
37407900766
37407950775
37408000722
37408050762
37408100757
37408150757
37408200763
37408250769
37408300766
37408350767
37408400772
37408450773
37408500779
37408550780
37408600777
37408650782
37408700787
37408750789
37408800794
37408850783
37408900776
37408950793
37409000731
37409050768
37409100761
37409150786
37409200760
37409250761
37409300762
37409350763
37409400769
37409450766
37409500767
37409550768
37409600774
37409650775
37409700780
37409750773
37409800779
37409850788
37409900785
37409950782
37410000732
37410050769
37410100762
37410150759
37410200764
37410250770
37410300771
37410350768
37410400773
37410450774
37410500780
37410550781
37410600778
37410650779
37410700784
37410750786
37410800787
37410850796
37410900785
37410950786
37411000732
37411050765
37411100758
37411150777
37411200770
37411250772
37411300768
37411350766
37411400744
37411450742
37411500760
37411550756
37411600753
37411650728
37411700725
37411750748
37411800743
37411850728
37411900725
37411950726
37412000676
37412050709
37412100706
37412150700
37412200704
37412250704
37412300708
37412350706
37412400712
37412450712
37412500718
37412550722
37412600722
37412650715
37412700717
37412750713
37412800716
37412850704
37412900695
37412950700
37413000626
37413050655
37413100644
37413150633
37413200624
37413250622
37413300614
37413350612
37413400604
37413450603
37413500589
37413550588
37413600583
37413650582
37413700582
37413750580
37413800577
37413850581
37413900584
37413950578
37414000516
37414050548
37414100562
37414150561
37414200572
37414250558
37414300568
37414350599
37414400579
37414450589
37414500594
37414550606
37414600613
37414650618
37414700628
37414750644
37414800661
37414850687
37414900704
37414950723
37415000690
37415050757
37415100775
37415150798
37415200829
37415250851
37415300879
37415350905
37415400925
37415450946
37415500967
37415550984
37415601009
37415651028
37415701052
37415751052
37415801086
37415851102
37415901119
37415951118
37416001086
37416051131
37416101153
37416151158
37416201170
37416251173
37416301153
37416351158
37416401155
37416451156
37416501158
37416551151
37416601148
37416651141
37416701128
37416751125
37416801118
37416851092
37416901099
37416951082
37417000999
37417051017
37417100993
37417150974
37417200961
37417250966
37417300952
37417350940
37417400907
37417450895
37417500881
37417550888
37417600878
37417650846
37417700836
37417750831
37417800824
37417850826
37417900816
37417950807
37418000751
37418050782
37418100792
37418150780
37418200774
37418250772
37418300748
37418350743
37418400740
37418450736
37418500738
37418550738
37418600734
37418650732
37418700727
37418750730
37418800729
37418850739
37418900731
37418950729
37419000659
37419050692
37419100677
37419150695
37419200695
37419250697
37419300694
37419350695
37419400696
37419450697
37419500699
37419550700
37419600697
37419650698
37419700699
37419750701
37419800706
37419850694
37419900692
37419950694
37420000632
37420050660
37420100649
37420150662
37420200664
37420250661
37420300659
37420350658
37420400660
37420450653
37420500654
37420550659
37420600661
37420650662
37420700667
37420750657
37420800662
37420850665
37420900665
37420950640
37421000592
37421050628
37421100619
37421150636
37421200637
37421250639
37421300636
37421350637
37421400638
37421450639
37421500641
37421550638
37421600639
37421650644
37421700649
37421750656
37421800663
37421850661
37421900689
37421950679
37422000635
37422050673
37422100668
37422150686
37422200687
37422250669
37422300674
37422350671
37422400676
37422450693
37422500695
37422550676
37422600677
37422650682
37422700683
37422750681
37422800682
37422850687
37422900684
37422950694
37423000640
37423050678
37423100678
37423150710
37423200696
37423250703
37423300740
37423350742
37423400730
37423450742
37423500750
37423550758
37423600763
37423650772
37423700780
37423750790
37423800799
37423850813
37423900808
37423950820
37424000776
37424050825
37424100826
37424150835
37424200842
37424250852
37424300862
37424350872
37424400882
37424450890
37424500896
37424550908
37424600914
37424650921
37424700927
37424750930
37424800940
37424850943
37424900944
37424950949
37425000891
37425050920
37425100937
37425150934
37425200939
37425250921
37425300929
37425350955
37425400964
37425450953
37425500968
37425550980
37425600993
37425651004
37425701023
37425751040
37425801060
37425851086
37425901107
37425951125
37426001094
37426051162
37426101182
37426151208
37426201240
37426251272
37426301304
37426351338
37426401366
37426451398
37426501415
37426551445
37426601476
37426651503
37426701537
37426751566
37426801594
37426851640
37426901672
37426951701
37427001670
37427051738
37427101741
37427151754
37427201772
37427251788
37427301798
37427351792
37427401794
37427451799
37427501801
37427551795
37427601782
37427651764
37427701744
37427751725
37427801701
37427851668
37427901644
37427951629
37428001551
37428051565
37428101534
37428151512
37428201501
37428251490
37428301482
37428351482
37428401489
37428451488
37428501489
37428551484
37428601487
37428651492
37428701497
37428751498
37428801496
37428851505
37428901502
37428951507
37429001437
37429051482
37429101467
37429151464
37429201469
37429251475
37429301480
37429351481
37429401474
37429451475
37429501481
37429551482
37429601483
37429651488
37429701485
37429751487
37429801488
37429851497
37429901494
37429951499
37430001437
37430051474
37430101467
37430151464
37430201469
37430251467
37430301472
37430351473
37430401478
37430451472
37430501472
37430551454
37430601456
37430651458
37430701464
37430751466
37430801470
37430851477
37430901483
37430951507
37431001457
37431051509
37431101540
37431151551
37431201550
37431251570
37431301591
37431351609
37431401619
37431451630
37431501637
37431551641
37431601642
37431651641
37431701633
37431751628
37431801626
37431851633
37431901629
37431951639
37432001569
37432051606
37432101599
37432151600
37432201605
37432251603
37432301596
37432351598
37432401600
37432451606
37432501608
37432551608
37432601604
37432651606
37432701609
37432751615
37432801596
37432851601
37432901592
37432951594
37433001538
37433051572
37433101554
37433151533
37433201520
37433251514
37433301498
37433351483
37433401472
37433451452
37433501438
37433551419
37433601405
37433651386
37433701372
37433751353
37433801340
37433851323
37433901317
37433951332
37434001266
37434051308
37434101300
37434151296
37434201302
37434251304
37434301300
37434351302
37434401308
37434451299
37434501296
37434551288
37434601276
37434651268
37434701264
37434751256
37434801250
37434851233
37434901246
37434951238
37435001178
37435051211
37435101200
37435151213
37435201210
37435251188
37435301189
37435351181
37435401176
37435451164
37435501150
37435551135
37435601126
37435651113
37435701105
37435751098
37435801101
37435851092
37435901086
37435951096
37436001033
37436051074
37436101067
37436151064
37436201073
37436251087
37436301100
37436351101
37436401115
37436451125
37436501142
37436551152
37436601160
37436651178
37436701190
37436751206
37436801222
37436851224
37436901222
37436951254
37437001196
37437051245
37437101246
37437151261
37437201260
37437251283
37437301282
37437351281
37437401307
37437451302
37437501314
37437551314
37437601310
37437651329
37437701321
37437751310
37437801328
37437851313
37437901326
37437951315
37438001265
37438051303
37438101314
37438151297
37438201294
37438251312
37438301309
37438351294
37438401311
37438451308
37438501302
37438551299
37438601320
37438651312
37438701317
37438751342
37438801342
37438851365
37438901362
37438951375
37439001325
37439051360
37439101378
37439151389
37439201381
37439251378
37439301405
37439351409
37439401412
37439451422
37439501449
37439551453
37439601484
37439651491
37439701498
37439751527
37439801523
37439851550
37439901542
37439951551
37440001504
37440051561
37440101564
37440151562
37440201562
37440251589
37440301596
37440351619
37440401630
37440451641
37440501675
37440551684
37440601693
37440651718
37440701718
37440751741
37440801744
37440851762
37440901764
37440951777
37441001723
37441051749
37441101756
37441151765
37441201758
37441251772
37441301765
37441351758
37441401775
37441451772
37441501758
37441551775
37441601768
37441651765
37441701782
37441751776
37441801785
37441851770
37441901783
37441951776
37442001722
37442051767
37442101768
37442151753
37442201766
37442251757
37442301749
37442351766
37442401752
37442451769
37442501762
37442551775
37442601769
37442651762
37442701775
37442751758
37442801779
37442851779
37442901772
37442951785
37443001709
37443051749
37443101717
37443151714
37443201697
37443251694
37443301669
37443351670
37443401646
37443451626
37443501630
37443551602
37443601604
37443651582
37443701579
37443751556
37443801532
37443851518
37443901510
37443951503
37444001418
37444051436
37444101420
37444151420
37444201399
37444251385
37444301387
37444351370
37444401373
37444451356
37444501339
37444551344
37444601324
37444651304
37444701300
37444751281
37444801284
37444851252
37444901252
37444951247
37445001168
37445051182
37445101171
37445151163
37445201141
37445251139
37445301112
37445351086
37445401087
37445451063
37445501036
37445551033
37445601010
37445651014
37445700994
37445750974
37445800977
37445850967
37445900946
37445950945
37446000878
37446050893
37446100890
37446150886
37446200876
37446250886
37446300872
37446350859
37446400872
37446450854
37446500868
37446550864
37446600853
37446650850
37446700867
37446750853
37446800870
37446850855
37446900872
37446950857
37447000807
37447050836
37447100844
37447150862
37447200860
37447250862
37447300875
37447350872
37447400869
37447450888
37447500884
37447550879
37447600892
37447650885
37447700902
37447750896
37447800889
37447850910
37447900892
37447950884
37448000835
37448050883
37448100857
37448150859
37448200853
37448250866
37448300862
37448350854
37448400872
37448450860
37448500858
37448550874
37448600868
37448650866
37448700858
37448750868
37448800862
37448850864
37448900875
37448950866
37449000810
37449050833
37449100830
37449150832
37449200822
37449250810
37449300812
37449350804
37449400817
37449450804
37449500797
37449550816
37449600804
37449650798
37449700817
37449750820
37449800816
37449850833
37449900847
37449950866
37450000805
37450050846
37450100862
37450150887
37450200881
37450250907
37450300908
37450350905
37450400937
37450450941
37450500966
37450550973
37450600982
37450650995
37450701030
37450751033
37450801064
37450851083
37450901085
37450951090
37451001055
37451051108
37451101122
37451151116
37451201118
37451251142
37451301142
37451351159
37451401156
37451451148
37451501144
37451551162
37451601160
37451651174
37451701166
37451751162
37451801156
37451851178
37451901166
37451951180
37452001114
37452051142
37452101150
37452151166
37452201159
37452251157
37452301183
37452351183
37452401187
37452451212
37452501208
37452551234
37452601236
37452651243
37452701270
37452751272
37452801296
37452851307
37452901318
37452951325
37453001295
37453051359
37453101379
37453151381
37453201417
37453251430
37453301443
37453351476
37453401489
37453451500
37453501536
37453551542
37453601547
37453651570
37453701562
37453751580
37453801574
37453851573
37453901556
37453951550
37454001481
37454051494
37454101484
37454151481
37454201459
37454251459
37454301440
37454351430
37454401419
37454451437
37454501425
37454551442
37454601432
37454651436
37454701439
37454751470
37454801466
37454851476
37454901470
37454951489
37455001431
37455051460
37455101471
37455151497
37455201506
37455251542
37455301557
37455351570
37455401589
37455451587
37455501582
37455551599
37455601586
37455651588
37455701573
37455751575
37455801582
37455851622
37455901642
37455951680
37456001666
37456051717
37456101742
37456151766
37456201770
37456251786
37456301778
37456351775
37456401786
37456451771
37456501747
37456551738
37456601712
37456651685
37456701692
37456751679
37456801682
37456851712
37456901737
37456951775
37457001756
37457051820
37457101854
37457151896
37457201924
37457251949
37457301995
37457352010
37457402016
37457452044
37457502032
37457552032
37457602046
37457652039
37457702028
37457752046
37457802039
37457852052
37457902036
37457952034
37458001970
37458051994
37458101988
37458151991
37458201978
37458251956
37458301958
37458351928
37458401901
37458451892
37458501860
37458551842
37458601810
37458651775
37458701746
37458751739
37458801702
37458851673
37458901659
37458951629
37459001543
37459051546
37459101521
37459151494
37459201465
37459251432
37459301426
37459351400
37459401372
37459451362
37459501337
37459551317
37459601320
37459651301
37459701281
37459751287
37459801277
37459851262
37459901268
37459951269
37460001196
37460051211
37460101204
37460151201
37460201180
37460251167
37460301168
37460351150
37460401155
37460451140
37460501127
37460551142
37460601122
37460651117
37460701135
37460751129
37460801126
37460851135
37460901140
37460951125
37461001075
37461051104
37461101109
37461151122
37461201131
37461251137
37461301169
37461351170
37461401174
37461451198
37461501207
37461551216
37461601247
37461651258
37461701266
37461751292
37461801300
37461851314
37461901343
37461951362
37462001318
37462051358
37462101379
37462151406
37462201409
37462251418
37462301436
37462351438
37462401446
37462451472
37462501474
37462551481
37462601499
37462651500
37462701500
37462751521
37462801518
37462851509
37462901522
37462951514
37463001465
37463051515
37463101506
37463151534
37463201538
37463251574
37463301580
37463351587
37463401613
37463451610
37463501598
37463551616
37463601609
37463651602
37463701619
37463751609
37463801620
37463851604
37463901585
37463951579
37464001520
37464051557
37464101531
37464151525
37464201508
37464251487
37464301489
37464351465
37464401468
37464451444
37464501424
37464551390
37464601382
37464651341
37464701332
37464751306
37464801277
37464851270
37464901243
37464951214
37465001140
37465051148
37465101145
37465151148
37465201136
37465251153
37465301156
37465351183
37465401193
37465451205
37465501235
37465551251
37465601292
37465651307
37465701323
37465751366
37465801380
37465851423
37465901443
37465951468
37466001448
37466051524
37466101519
37466151552
37466201564
37466251602
37466301614
37466351644
37466401657
37466451670
37466501705
37466551714
37466601718
37466651734
37466701731
37466751747
37466801736
37466851729
37466901736
37466951719
37467001668
