# from_timestamp_us, to_timestamp_us
57383607551, 57383507565
57383707565, 57383607551
57383807571, 57383707565
57383907557, 57383807571
57384007508, 57383907557
57384107554, 57384007508
57384207536, 57384107554
57384307546, 57384207536
57384407552, 57384307546
57384507559, 57384407552
57384607565, 57384507559
57384707567, 57384607565
57384807549, 57384707567
57384907559, 57384807549
57385007502, 57384907559
57385107532, 57385007502
57385207538, 57385107532
57385307532, 57385207538
57385407538, 57385307532
57385507548, 57385407538
57385607550, 57385507548
57385707560, 57385607550
57385807566, 57385707560
57385907548, 57385807566
57386007499, 57385907548
57386107549, 57386007499
57386207547, 57386107549
57386307533, 57386207547
57386407535, 57386307533
57386507546, 57386407535
57386607552, 57386507546
57386707554, 57386607552
57386807540, 57386707554
57386907550, 57386807540
57387007497, 57386907550
57387107543, 57387007497
57387207529, 57387107543
57387307531, 57387207529
57387407537, 57387307531
57387507547, 57387407537
57387607553, 57387507547
57387707543, 57387607553
57387807553, 57387707543
57387907555, 57387807553
57388007490, 57387907555
57388107520, 57388007490
57388207534, 57388107520
57388307528, 57388207534
57388407538, 57388307528
57388507545, 57388407538
57388607531, 57388507545
57388707537, 57388607531
57388807547, 57388707537
57388907537, 57388807547
57389007488, 57388907537
57389107522, 57389007488
57389207532, 57389107522
57389307530, 57389207532
57389407540, 57389307530
57389507527, 57389407540
57389607533, 57389507527
57389707543, 57389607533
57389807529, 57389707543
57389907531, 57389807529
57390007486, 57389907531
57390107516, 57390007486
57390207514, 57390107516
57390307528, 57390207514
57390407538, 57390307528
57390507520, 57390407538
57390607530, 57390507520
57390707544, 57390607530
57390807526, 57390707544
57390907540, 57390807526
57391007479, 57390907540
57391107505, 57391007479
57391207523, 57391107505
57391307513, 57391207523
57391407527, 57391307513
57391507514, 57391407527
57391607516, 57391507514
57391707526, 57391607516
57391807536, 57391707526
57391907542, 57391807536
57392007477, 57391907542
57392107511, 57392007477
57392207505, 57392107511
57392307519, 57392207505
57392407509, 57392307519
57392507515, 57392407509
57392607529, 57392507515
57392707515, 57392607529
57392807517, 57392707515
57392907527, 57392807517
57393007474, 57392907527
57393107524, 57393007474
57393207522, 57393107524
57393307516, 57393207522
57393407522, 57393307516
57393507513, 57393407522
57393607523, 57393507513
57393707525, 57393607523
57393807535, 57393707525
57393907517, 57393807535
57394007472, 57393907517
57394107506, 57394007472
57394207520, 57394107506
57394307514, 57394207520
57394407524, 57394307514
57394507506, 57394407524
57394607520, 57394507506
57394707530, 57394607520
57394807512, 57394707530
57394907526, 57394807512
57395007465, 57394907526
57395107511, 57395007465
57395207513, 57395107511
57395307503, 57395207513
57395407509, 57395307503
57395507520, 57395407509
57395607506, 57395507520
57395707512, 57395607506
57395807526, 57395707512
57395907512, 57395807526
57396007463, 57395907512
57396107493, 57396007463
57396207499, 57396107493
57396307505, 57396207499
57396407495, 57396307505
57396507506, 57396407495
57396607520, 57396507506
57396707506, 57396607520
57396807512, 57396707506
57396907522, 57396807512
57397007461, 57396907522
57397107511, 57397007461
57397207505, 57397107511
57397307507, 57397207505
57397407513, 57397307507
57397507499, 57397407513
57397607505, 57397507499
57397707507, 57397607505
57397807517, 57397707507
57397907507, 57397807517
57398007454, 57397907507
57398107488, 57398007454
57398207494, 57398107488
57398307496, 57398207494
57398407506, 57398307496
57398507493, 57398407506
57398607499, 57398507493
57398707513, 57398607499
57398807495, 57398707513
57398907505, 57398807495
57399007452, 57398907505
57399107478, 57399007452
57399207484, 57399107478
57399307490, 57399207484
57399407496, 57399307490
57399507506, 57399407496
57399607492, 57399507506
57399707498, 57399607492
57399807512, 57399707498
57399907498, 57399807512
57400007449, 57399907498
57400107479, 57400007449
57400207489, 57400107479
57400307487, 57400207489
57400407501, 57400307487
57400507492, 57400407501
57400607498, 57400507492
57400707508, 57400607498
57400807498, 57400707508
57400907500, 57400807498
57401007447, 57400907500
57401107497, 57401007447
57401207491, 57401107497
57401307481, 57401207491
57401407487, 57401307481
57401507497, 57401407487
57401607483, 57401507497
57401707489, 57401607483
57401807499, 57401707489
57401907509, 57401807499
57402007440, 57401907509
57402107470, 57402007440
57414707438, 57414607436
57414807448, 57414707438
57414907462, 57414807448
57415007393, 57414907462
57415107423, 57415007393
57415207429, 57415107423
57415307431, 57415207429
57415407441, 57415307431
57415507432, 57415407441
57415607434, 57415507432
57415707448, 57415607434
57415807438, 57415707448
57415907444, 57415807438
57416007391, 57415907444
57416107429, 57416007391
57416207427, 57416107429
57416307437, 57416207427
57416407423, 57416307437
57416507433, 57416407423
57416607443, 57416507433
57416707433, 57416607443
57416807439, 57416707433
57416907453, 57416807439
57417007388, 57416907453
57417107422, 57417007388
57417207424, 57417107422
57417307422, 57417207424
57417407428, 57417307422
57417507439, 57417407428
57417607441, 57417507439
57417707427, 57417607441
57417807437, 57417707427
57417907439, 57417807437
57418007382, 57417907439
57418107412, 57418007382
57418207410, 57418107412
57418307416, 57418207410
57418407426, 57418307416
57418507428, 57418407426
57418607438, 57418507428
57418707428, 57418607438
57418807430, 57418707428
57418907440, 57418807430
57419007379, 57418907440
57419107425, 57419007379
57419207419, 57419107425
57419307421, 57419207419
57419407423, 57419307421
57419507414, 57419407423
57419607420, 57419507414
57419707434, 57419607420
57419807420, 57419707434
57419907426, 57419807420
57420007377, 57419907426
57420107407, 57420007377
57420207417, 57420107407
57420307423, 57420207417
57420407413, 57420307423
57420507416, 57420407413
57420607426, 57420507416
57420707416, 57420607426
57420807418, 57420707416
57420907432, 57420807418
57421007371, 57420907432
57421107421, 57421007371
57421207407, 57421107421
57421307413, 57421207407
57421407411, 57421307413
57421507421, 57421407411
57421607427, 57421507421
57421707409, 57421607427
57421807419, 57421707409
57421907429, 57421807419
57422007368, 57421907429
57422107402, 57422007368
57422207412, 57422107402
57422307414, 57422207412
57422407420, 57422307414
57422507423, 57422407420
57422607409, 57422507423
57422707419, 57422607409
57422807421, 57422707419
57422907411, 57422807421
57423007366, 57422907411
57423107392, 57423007366
57423207410, 57423107392
57423307412, 57423207410
57423407414, 57423307412
57423507404, 57423407414
57423607410, 57423507404
57423707412, 57423607410
57423807422, 57423707412
57423907408, 57423807422
57424007363, 57423907408
57424107389, 57424007363
57424207407, 57424107389
57424307405, 57424207407
57424407415, 57424307405
57424507402, 57424407415
57424607404, 57424507402
57424707418, 57424607404
57424807428, 57424707418
57424907410, 57424807428
57425007357, 57424907410
57425107387, 57425007357
57425207397, 57425107387
57425307387, 57425207397
57425407389, 57425307387
57425507395, 57425407389
57425607405, 57425507395
57425707411, 57425607405
57425807397, 57425707411
57425907407, 57425807397
57426007354, 57425907407
57426107384, 57426007354
57426207402, 57426107384
57426307396, 57426207402
57426407406, 57426307396
57426507397, 57426407406
57426607399, 57426507397
57426707409, 57426607399
57426807399, 57426707409
57426907401, 57426807399
57427007348, 57426907401
57427107402, 57427007348
57427207396, 57427107402
57427307390, 57427207396
57427407396, 57427307390
57427507383, 57427407396
57427607389, 57427507383
57427707395, 57427607389
57427807401, 57427707395
57427907411, 57427807401
57428007346, 57427907411
57428107380, 57428007346
57428207390, 57428107380
57428307392, 57428207390
57428407382, 57428307392
57428507396, 57428407382
57428607402, 57428507396
57428707388, 57428607402
57428807398, 57428707388
57428907404, 57428807398
57429007343, 57428907404
57429107373, 57429007343
57429207375, 57429107373
57429307389, 57429207375
57429407379, 57429307389
57429507382, 57429407379
57429607392, 57429507382
57429707402, 57429607392
57429807384, 57429707402
57429907394, 57429807384
57430007341, 57429907394
57430107371, 57430007341
57430207385, 57430107371
57430307387, 57430207385
57430407373, 57430307387
57430507383, 57430407373
57430607389, 57430507383
57430707399, 57430607389
57430807385, 57430707399
57430907395, 57430807385
57431007338, 57430907395
57431107368, 57431007338
57431207378, 57431107368
57431307384, 57431207378
57431407370, 57431307384
57431507377, 57431407370
57431607387, 57431507377
57431707397, 57431607387
57431807379, 57431707397
57431907389, 57431807379
57432007336, 57431907389
57432107366, 57432007336
57432207364, 57432107366
57432307390, 57432207364
57432407372, 57432307390
57432507387, 57432407372
57432607389, 57432507387
57432707379, 57432607389
57432807389, 57432707379
57432907391, 57432807389
57433007330, 57432907391
57433107360, 57433007330
57433207374, 57433107360
57433307372, 57433207374
57433407382, 57433307372
57433507364, 57433407382
57433607374, 57433507364
57433707380, 57433607374
57433807382, 57433707380
57433907392, 57433807382
57434007323, 57433907392
57434107373, 57434007323
57434207367, 57434107373
57434307361, 57434207367
