# from_timestamp_us, to_timestamp_us
57383607551, 57383707565
57383707565, 57383807571
57383807571, 57383907557
57383907557, 57384007508
57384007508, 57384107554
57384107554, 57384207536
57384207536, 57384307546
57384307546, 57384407552
57384407552, 57384507559
57384507559, 57384607565
57384607565, 57384707567
57384707567, 57384807549
57384807549, 57384907559
57384907559, 57385007502
57385007502, 57385107532
57385107532, 57385207538
57385207538, 57385307532
57385307532, 57385407538
57385407538, 57385507548
57385507548, 57385607550
57385607550, 57385707560
57385707560, 57385807566
57385807566, 57385907548
57385907548, 57386007499
57386007499, 57386107549
57386107549, 57386207547
57386207547, 57386307533
57386307533, 57386407535
57386407535, 57386507546
57386507546, 57386607552
57386607552, 57386707554
57386707554, 57386807540
57386807540, 57386907550
57386907550, 57387007497
57387007497, 57387107543
57387107543, 57387207529
57387207529, 57387307531
57387307531, 57387407537
57387407537, 57387507547
57387507547, 57387607553
57387607553, 57387707543
57387707543, 57387807553
57387807553, 57387907555
57387907555, 57388007490
57388007490, 57388107520
57388107520, 57388207534
57388207534, 57388307528
57388307528, 57388407538
57388407538, 57388507545
57388507545, 57388607531
57388607531, 57388707537
57388707537, 57388807547
57388807547, 57388907537
57388907537, 57389007488
57389007488, 57389107522
57389107522, 57389207532
57389207532, 57389307530
57389307530, 57389407540
57389407540, 57389507527
57389507527, 57389607533
57389607533, 57389707543
57389707543, 57389807529
57389807529, 57389907531
57389907531, 57390007486
57390007486, 57390107516
57390107516, 57390207514
57390207514, 57390307528
57390307528, 57390407538
57390407538, 57390507520
57390507520, 57390607530
57390607530, 57390707544
57390707544, 57390807526
57390807526, 57390907540
57390907540, 57391007479
57391007479, 57391107505
57391107505, 57391207523
57391207523, 57391307513
57391307513, 57391407527
57391407527, 57391507514
57391507514, 57391607516
57391607516, 57391707526
57391707526, 57391807536
57391807536, 57391907542
57391907542, 57392007477
57392007477, 57392107511
57392107511, 57392207505
57392207505, 57392307519
57392307519, 57392407509
57392407509, 57392507515
57392507515, 57392607529
57392607529, 57392707515
57392707515, 57392807517
57392807517, 57392907527
57392907527, 57393007474
57393007474, 57393107524
57393107524, 57393207522
57393207522, 57393307516
57393307516, 57393407522
57393407522, 57393507513
57393507513, 57393607523
57393607523, 57393707525
57393707525, 57393807535
57393807535, 57393907517
57393907517, 57394007472
57394007472, 57394107506
57394107506, 57394207520
57394207520, 57394307514
57394307514, 57394407524
57394407524, 57394507506
57394507506, 57394607520
57394607520, 57394707530
57394707530, 57394807512
57394807512, 57394907526
57394907526, 57395007465
57395007465, 57395107511
57395107511, 57395207513
57395207513, 57395307503
57395307503, 57395407509
57395407509, 57395507520
57395507520, 57395607506
57395607506, 57395707512
57395707512, 57395807526
57395807526, 57395907512
57395907512, 57396007463
57396007463, 57396107493
57396107493, 57396207499
57396207499, 57396307505
57396307505, 57396407495
57396407495, 57396507506
57396507506, 57396607520
57396607520, 57396707506
57396707506, 57396807512
57396807512, 57396907522
57396907522, 57397007461
57397007461, 57397107511
57397107511, 57397207505
57397207505, 57397307507
57397307507, 57397407513
57397407513, 57397507499
57397507499, 57397607505
57397607505, 57397707507
57397707507, 57397807517
57397807517, 57397907507
57397907507, 57398007454
57398007454, 57398107488
57398107488, 57398207494
57398207494, 57398307496
57398307496, 57398407506
57398407506, 57398507493
57398507493, 57398607499
57398607499, 57398707513
57398707513, 57398807495
57398807495, 57398907505
57398907505, 57399007452
57399007452, 57399107478
57399107478, 57399207484
57399207484, 57399307490
57399307490, 57399407496
57399407496, 57399507506
57399507506, 57399607492
57399607492, 57399707498
57399707498, 57399807512
57399807512, 57399907498
57399907498, 57400007449
57400007449, 57400107479
57400107479, 57400207489
57400207489, 57400307487
57400307487, 57400407501
57400407501, 57400507492
57400507492, 57400607498
57400607498, 57400707508
57400707508, 57400807498
57400807498, 57400907500
57400907500, 57401007447
57401007447, 57401107497
57401107497, 57401207491
57401207491, 57401307481
57401307481, 57401407487
57401407487, 57401507497
57401507497, 57401607483
57401607483, 57401707489
57401707489, 57401807499
57401807499, 57401907509
57401907509, 57402007440
57402007440, 57402107470
57402107470, 57402207488
57414707438, 57414807448
57414807448, 57414907462
57414907462, 57415007393
57415007393, 57415107423
57415107423, 57415207429
57415207429, 57415307431
57415307431, 57415407441
57415407441, 57415507432
57415507432, 57415607434
57415607434, 57415707448
57415707448, 57415807438
57415807438, 57415907444
57415907444, 57416007391
57416007391, 57416107429
57416107429, 57416207427
57416207427, 57416307437
57416307437, 57416407423
57416407423, 57416507433
57416507433, 57416607443
57416607443, 57416707433
57416707433, 57416807439
57416807439, 57416907453
57416907453, 57417007388
57417007388, 57417107422
57417107422, 57417207424
57417207424, 57417307422
57417307422, 57417407428
57417407428, 57417507439
57417507439, 57417607441
57417607441, 57417707427
57417707427, 57417807437
57417807437, 57417907439
57417907439, 57418007382
57418007382, 57418107412
57418107412, 57418207410
57418207410, 57418307416
57418307416, 57418407426
57418407426, 57418507428
57418507428, 57418607438
57418607438, 57418707428
57418707428, 57418807430
57418807430, 57418907440
57418907440, 57419007379
57419007379, 57419107425
57419107425, 57419207419
57419207419, 57419307421
57419307421, 57419407423
57419407423, 57419507414
57419507414, 57419607420
57419607420, 57419707434
57419707434, 57419807420
57419807420, 57419907426
57419907426, 57420007377
57420007377, 57420107407
57420107407, 57420207417
57420207417, 57420307423
57420307423, 57420407413
57420407413, 57420507416
57420507416, 57420607426
57420607426, 57420707416
57420707416, 57420807418
57420807418, 57420907432
57420907432, 57421007371
57421007371, 57421107421
57421107421, 57421207407
57421207407, 57421307413
57421307413, 57421407411
57421407411, 57421507421
57421507421, 57421607427
57421607427, 57421707409
57421707409, 57421807419
57421807419, 57421907429
57421907429, 57422007368
57422007368, 57422107402
57422107402, 57422207412
57422207412, 57422307414
57422307414, 57422407420
57422407420, 57422507423
57422507423, 57422607409
57422607409, 57422707419
57422707419, 57422807421
57422807421, 57422907411
57422907411, 57423007366
57423007366, 57423107392
57423107392, 57423207410
57423207410, 57423307412
57423307412, 57423407414
57423407414, 57423507404
57423507404, 57423607410
57423607410, 57423707412
57423707412, 57423807422
57423807422, 57423907408
57423907408, 57424007363
57424007363, 57424107389
57424107389, 57424207407
57424207407, 57424307405
57424307405, 57424407415
57424407415, 57424507402
57424507402, 57424607404
57424607404, 57424707418
57424707418, 57424807428
57424807428, 57424907410
57424907410, 57425007357
57425007357, 57425107387
57425107387, 57425207397
57425207397, 57425307387
57425307387, 57425407389
57425407389, 57425507395
57425507395, 57425607405
57425607405, 57425707411
57425707411, 57425807397
57425807397, 57425907407
57425907407, 57426007354
57426007354, 57426107384
57426107384, 57426207402
57426207402, 57426307396
57426307396, 57426407406
57426407406, 57426507397
57426507397, 57426607399
57426607399, 57426707409
57426707409, 57426807399
57426807399, 57426907401
57426907401, 57427007348
57427007348, 57427107402
57427107402, 57427207396
57427207396, 57427307390
57427307390, 57427407396
57427407396, 57427507383
57427507383, 57427607389
57427607389, 57427707395
57427707395, 57427807401
57427807401, 57427907411
57427907411, 57428007346
57428007346, 57428107380
57428107380, 57428207390
57428207390, 57428307392
57428307392, 57428407382
57428407382, 57428507396
57428507396, 57428607402
57428607402, 57428707388
57428707388, 57428807398
57428807398, 57428907404
57428907404, 57429007343
57429007343, 57429107373
57429107373, 57429207375
57429207375, 57429307389
57429307389, 57429407379
57429407379, 57429507382
57429507382, 57429607392
57429607392, 57429707402
57429707402, 57429807384
57429807384, 57429907394
57429907394, 57430007341
57430007341, 57430107371
57430107371, 57430207385
57430207385, 57430307387
57430307387, 57430407373
57430407373, 57430507383
57430507383, 57430607389
57430607389, 57430707399
57430707399, 57430807385
57430807385, 57430907395
57430907395, 57431007338
57431007338, 57431107368
57431107368, 57431207378
57431207378, 57431307384
57431307384, 57431407370
57431407370, 57431507377
57431507377, 57431607387
57431607387, 57431707397
57431707397, 57431807379
57431807379, 57431907389
57431907389, 57432007336
57432007336, 57432107366
57432107366, 57432207364
57432207364, 57432307390
57432307390, 57432407372
57432407372, 57432507387
57432507387, 57432607389
57432607389, 57432707379
57432707379, 57432807389
57432807389, 57432907391
57432907391, 57433007330
57433007330, 57433107360
57433107360, 57433207374
57433207374, 57433307372
57433307372, 57433407382
57433407382, 57433507364
57433507364, 57433607374
57433607374, 57433707380
57433707380, 57433807382
57433807382, 57433907392
57433907392, 57434007323
57434007323, 57434107373
57434107373, 57434207367
57434207367, 57434307361
57434307361, 57434407363
