54718007586
54718057619
54718107636
54718157633
54718207635
54718257616
54718307617
54718357638
54718407640
54718457641
54718507622
54718557643
54718607625
54718657642
54718707647
54718757648
54718807650
54718857635
54718907632
54718957633
54719007587
54719057628
54719107621
54719157618
54719207615
54719257617
54719307622
54719357623
54719407624
54719457629
54719507627
54719557632
54719607633
54719657634
54719707639
54719757641
54719807634
54719857639
54719907640
54719957641
54720007583
54720057624
54720107609
54720157630
54720207612
54720257613
54720307614
54720357635
54720407617
54720457618
54720507619
54720557620
54720607622
54720657643
54720707644
54720757645
54720807627
54720857628
54720907629
54720957650
54721007584
54721057621
54721107614
54721157611
54721207640
54721257634
54721307615
54721357616
54721407617
54721457622
54721507648
54721557641
54721607622
54721657627
54721707628
54721757630
54721807631
54721857632
54721907637
54721957638
54722007584
54722057621
54722107610
54722157631
54722207613
54722257614
54722307615
54722357620
54722407638
54722457619
54722507620
54722557625
54722607627
54722657628
54722707625
54722757630
54722807628
54722857641
54722907642
54722957639
54723007585
54723057618
54723107635
54723157632
54723207633
54723257631
54723307632
54723357633
54723407634
54723457635
54723507641
54723557634
54723607639
54723657640
54723707641
54723757643
54723807640
54723857645
54723907646
54723957647
54724007585
54724057618
54724107635
54724157628
54724207634
54724257635
54724307636
54724357617
54724407639
54724457640
54724507641
54724557642
54724607624
54724657629
54724707646
54724757647
54724807645
54724857630
54724907631
54724957632
54725007582
54725057623
54725107616
54725157613
54725207618
54725257620
54725307617
54725357618
54725407619
54725457620
54725507622
54725557619
54725607620
54725657625
54725707626
54725757628
54725807625
54725857626
54725907627
54725957632
54726007582
54726057619
54726107608
54726157625
54726207631
54726257632
54726307633
54726357634
54726407636
54726457633
54726507634
54726557635
54726607637
54726657638
54726707639
54726757636
54726807634
54726857643
54726907644
54726957645
54727007583
54727057620
54727107613
54727157610
54727207615
54727257617
54727307634
54727357635
54727407636
54727457637
54727507639
54727557620
54727607641
54727657642
54727707643
54727757645
54727807642
54727857651
54727907648
54727957649
54728007583
54728057620
54728107613
54728157630
54728207632
54728257613
54728307614
54728357619
54728407621
54728457618
54728507619
54728557624
54728607626
54728657627
54728707628
54728757625
54728807635
54728857632
54728907633
54728957634
54729007580
54729057617
54729107610
54729157607
54729207612
54729257614
54729307611
54729357616
54729407617
54729457618
54729507620
54729557625
54729607618
54729657623
54729707624
54729757626
54729807627
54729857632
54729907625
54729957630
54730007580
54730057613
54730107606
54730157607
54730207629
54730257630
54730307631
54730357612
54730407618
54730457643
54730507636
54730557617
54730607619
54730657624
54730707625
54730757626
54730807624
54730857629
54730907634
54730957635
54731007581
54731057610
54731107627
54731157624
54731207629
54731257631
54731307632
54731357629
54731407630
54731457631
54731507637
54731557638
54731607619
54731657640
54731707621
54731757623
54731807624
54731857625
54731907650
54731957647
54732007577
54732057618
54732107607
54732157608
54732207606
54732257607
54732307612
54732357613
54732407615
54732457620
54732507617
54732557618
54732607620
54732657621
54732707626
54732757627
54732807621
54732857630
54732907631
54732957632
54733007578
54733057623
54733107608
54733157605
54733207610
54733257612
54733307613
54733357610
54733407611
54733457616
54733507618
54733557619
54733607624
54733657617
54733707622
54733757624
54733807621
54733857630
54733907631
54733957628
54734007578
54734057619
54734107608
54734157609
54734207610
54734257612
54734307613
54734357614
54734407619
54734457620
54734507622
54734557623
54734607624
54734657629
54734707634
54734757636
54734807637
54734857642
54734907623
54734957624
54735007578
54735057611
54735107620
54735157617
54735207623
54735257624
54735307625
54735357626
54735407624
54735457625
54735507626
54735557631
54735607633
54735657634
54735707631
54735757632
54735807622
54735857643
54735907644
54735957641
54736007575
54736057612
54736107605
54736157602
54736207603
54736257621
54736307622
54736357619
54736407620
54736457621
54736507623
54736557620
54736607621
54736657622
54736707623
54736757625
54736807622
54736857623
54736907624
54736957625
54737007575
54737057612
54737107621
54737157618
54737207620
54737257621
54737307626
54737357627
54737407621
54737457626
54737507627
54737557628
54737607630
54737657631
54737707624
54737757629
54737807635
54737857632
54737907637
54737957638
54738007576
54738057609
54738107602
54738157623
54738207624
54738257626
54738307623
54738357624
54738407629
54738457626
54738507632
54738557625
54738607626
54738657627
54738707632
54738757634
54738807639
54738857632
54738907637
54738957638
54739007572
54739057613
54739107602
54739157619
54739207621
54739257602
54739307603
54739357604
54739407634
54739457627
54739507608
54739557609
54739607611
54739657612
54739707641
54739757634
54739807624
54739857621
54739907622
54739957623
54740007573
54740057614
54740107603
54740157604
54740207605
54740257607
54740307604
54740357605
54740407610
54740457611
54740507613
54740557618
54740607615
54740657616
54740707617
54740757623
54740807620
54740857633
54740907630
54740957631
54741007573
54741057618
54741107611
54741157604
54741207606
54741257611
54741307616
54741357617
54741407619
54741457612
54741507613
54741557618
54741607620
54741657621
54741707622
54741757619
54741807641
54741857626
54741907627
54741957632
54742007574
54742057615
54742107604
54742157601
54742207606
54742257612
54742307605
54742357610
54742407611
54742457616
54742507618
54742557623
54742607616
54742657621
54742707622
54742757624
54742807629
54742857630
54742907627
54742957628
54743007574
54743057611
54743107604
54743157605
54743207603
54743257604
54743307609
54743357614
54743407616
54743457617
54743507614
54743557619
54743607625
54743657626
54743707631
54743757624
54743807638
54743857631
54743907632
54743957637
54744007571
54744057604
54744107597
54744157622
54744207599
54744257605
54744307606
54744357603
54744407608
54744457609
54744507615
54744557616
54744607617
54744657614
54744707619
54744757621
54744807614
54744857623
54744907620
54744957621
54745007571
54745057616
54745107609
54745157610
54745207608
54745257609
54745307614
54745357615
54745407617
54745457622
54745507615
54745557620
54745607626
54745657627
54745707628
54745757633
54745807631
54745857628
54745907633
54745957638
54746007572
54746057605
54746107598
54746157623
54746207600
54746257606
54746307607
54746357604
54746407609
54746457614
54746507616
54746557617
54746607618
54746657615
54746707616
54746757622
54746807619
54746857624
54746907629
54746957626
54747007568
54747057605
54747107598
54747157599
54747207605
54747257602
54747307607
54747357608
54747407610
54747457615
54747507612
54747557617
54747607623
54747657624
54747707629
54747757630
54747807632
54747857625
54747907626
54747957627
54748007569
54748057610
54748107595
54748157616
54748207617
54748257599
54748307600
54748357601
54748407622
54748457623
54748507605
54748557606
54748607607
54748657632
54748707629
54748757631
54748807624
54748857613
54748907614
54748957635
54749007569
54749057606
54749107599
54749157596
54749207602
54749257619
54749307620
54749357621
54749407619
54749457620
54749507625
54749557618
54749607620
54749657621
54749707622
54749757623
54749807625
54749857618
54749907619
54749957620
54750007570
54750057607
54750107616
54750157613
54750207618
54750257620
54750307621
54750357622
54750407619
54750457620
54750507622
54750557623
54750607624
54750657625
54750707622
54750757624
54750807633
54750857634
54750907635
54750957636
54751007566
54751057599
54751107592
54751157613
54751207595
54751257620
54751307613
54751357614
54751407616
54751457621
54751507622
54751557619
54751607621
54751657622
54751707627
54751757628
54751807630
54751857631
54751907632
54751957633
54752007567
54752057604
54752107597
54752157614
54752207615
54752257617
54752307618
54752357619
54752407624
54752457617
54752507623
54752557624
54752607625
54752657626
54752707619
54752757625
54752807626
54752857631
54752907612
54752957613
54753007567
54753057600
54753107593
54753157614
54753207595
54753257597
54753307618
54753357619
54753407620
54753457621
54753507623
54753557604
54753607625
54753657626
54753707607
54753757613
54753807622
54753857619
54753907616
54753957621
54754007567
54754057600
54754107597
54754157614
54754207616
54754257617
54754307598
54754357599
54754407605
54754457622
54754507603
54754557604
54754607606
54754657611
54754707612
54754757609
54754807627
54754857620
54754907625
54754957626
54755007564
54755057601
54755107594
54755157591
54755207596
54755257602
54755307599
54755357600
54755407601
54755457602
54755507604
54755557609
54755607602
54755657607
54755707608
54755757614
54755807623
54755857620
54755907617
54755957618
54756007564
54756057597
54756107590
54756157615
54756207609
54756257614
54756307615
54756357596
54756407598
54756457627
54756507620
54756557601
54756607607
54756657608
54756707609
54756757606
54756807620
54756857617
54756907622
54756957627
54757007565
54757057594
54757107615
54757157612
54757207613
54757257595
54757307600
54757357617
54757407598
54757457599
54757507601
54757557606
54757607607
54757657604
54757707605
54757757611
54757807628
54757857617
54757907614
54757957619
54758007565
54758057598
54758107591
54758157616
54758207614
54758257615
54758307596
54758357597
54758407603
54758457604
54758507601
54758557606
54758607608
54758657613
54758707614
54758757619
54758807629
54758857622
54758907623
54758957628
54759007562
54759057599
54759107592
54759157589
54759207594
54759257600
54759307601
54759357598
54759407603
54759457608
54759507610
54759557615
54759607616
54759657613
54759707618
54759757620
54759807621
54759857606
54759907607
54759957628
54760007562
54760057595
54760107588
54760157589
54760207619
54760257592
54760307597
54760357602
54760407604
54760457609
54760507606
54760557611
54760607613
54760657614
54760707619
54760757620
54760807618
54760857623
54760907624
54760957629
54761007563
54761057604
54761107589
54761157590
54761207595
54761257597
54761307602
54761357603
54761407600
54761457605
54761507607
54761557612
54761607613
54761657614
54761707611
54761757617
54761807610
54761857627
54761907628
54761957625
54762007563
54762057596
54762107589
54762157590
54762207596
54762257593
54762307598
54762357603
54762407605
54762457606
54762507611
54762557608
54762607610
54762657611
54762707612
54762757617
54762807615
54762857620
54762907621
54762957622
54763007560
54763057601
54763107586
54763157587
54763207592
54763257594
54763307595
54763357600
54763407597
54763457602
54763507604
54763557609
54763607610
54763657615
54763707612
54763757614
54763807603
54763857620
54763907621
54763957626
54764007560
54764057597
54764107590
54764157587
54764207593
54764257590
54764307595
54764357596
54764407602
54764457603
54764507604
54764557601
54764607603
54764657608
54764707609
54764757614
54764807604
54764857617
54764907618
