55602907651
55602957664
55603007598
55603057631
55603107640
55603157641
55603207643
55603257648
55603307649
55603357654
55603407648
55603457653
55603507634
55603557639
55603607641
55603657666
55603707639
55603757640
55603807646
55603857647
55603907644
55603957645
55604007595
55604057636
55604107625
55604157622
55604207628
55604257645
55604307626
55604357627
55604407629
55604457630
55604507635
55604557632
55604607634
55604657639
55604707644
55604757645
55604807647
55604857644
55604907661
55604957650
55605007596
55605057637
55605107622
55605157647
55605207625
55605257626
55605307627
55605357632
55605407650
55605457631
55605507652
55605557633
55605607635
55605657640
55605707657
55605757638
55605807640
55605857645
55605907646
55605957651
55606007597
55606057634
55606107631
55606157628
55606207633
55606257631
55606307632
55606357637
55606407638
55606457643
55606507649
55606557646
55606607647
55606657652
55606707657
55606757659
55606807660
55606857653
55606907662
55606957659
55607007597
55607057630
55607107647
55607157636
55607207642
55607257643
55607307644
55607357649
55607407651
55607457648
55607507649
55607557650
55607607652
55607657653
55607707650
55607757655
55607807657
55607857658
55607907651
55607957644
55608007594
55608057627
55608107644
55608157637
55608207643
55608257644
55608307637
55608357638
55608407640
55608457641
55608507642
55608557639
55608607637
55608657638
55608707639
55608757640
55608807642
55608857639
55608907644
55608957641
55609007595
55609057628
55609107645
55609157634
55609207640
55609257641
55609307642
55609357643
55609407645
55609457638
55609507639
55609557640
55609607642
55609657643
55609707644
55609757641
55609807643
55609857644
55609907641
55609957654
55610007596
55610057637
55610107626
55610157623
55610207629
55610257630
55610307627
55610357628
55610407634
55610457635
55610507636
55610557637
55610607635
55610657636
55610707637
55610757642
55610807644
55610857645
55610907654
55610957647
55611007593
55611057634
55611107627
55611157648
55611207622
55611257627
55611307628
55611357629
55611407631
55611457628
55611507629
55611557634
55611607636
55611657637
55611707638
55611757635
55611807637
55611857638
55611907647
55611957644
55612007594
55612057627
55612107620
55612157645
55612207622
55612257624
55612307629
55612357646
55612407647
55612457628
55612507630
55612557635
55612607632
55612657633
55612707638
55612757640
55612807645
55612857650
55612907647
55612957652
55613007594
55613057631
55613107624
55613157621
55613207643
55613257624
55613307625
55613357626
55613407632
55613457633
55613507650
55613557651
55613607653
55613657634
55613707635
55613757664
55613807638
55613857639
55613907648
55613957645
55614007595
55614057628
55614107621
55614157646
55614207628
55614257629
55614307630
55614357631
55614407633
55614457638
55614507639
55614557644
55614607646
55614657643
55614707644
55614757649
55614807651
55614857652
55614907641
55614957654
55615007592
55615057629
55615107622
55615157619
55615207649
55615257622
55615307623
55615357628
55615407634
55615457635
55615507632
55615557633
55615607639
55615657640
55615707645
55615757646
55615807644
55615857645
55615907650
55615957655
55616007593
55616057634
55616107619
55616157620
55616207626
55616257631
55616307632
55616357637
55616407635
55616457636
55616507641
55616557642
55616607648
55616657645
55616707646
55616757651
55616807657
55616857638
55616907651
55616957640
55617007594
55617057631
55617107624
55617157621
55617207627
55617257644
55617307625
55617357626
55617407632
55617457633
55617507634
55617557631
55617607637
55617657638
55617707643
55617757648
55617807650
55617857647
55617907656
55617957657
55618007591
55618057628
55618107637
55618157638
55618207640
55618257621
55618307622
55618357627
55618407625
55618457630
55618507631
55618557632
55618607638
55618657639
55618707636
55618757637
55618807643
55618857644
55618907657
55618957650
55619007592
55619057629
55619107618
55619157619
55619207624
55619257622
55619307623
55619357628
55619407633
55619457634
55619507640
55619557637
55619607638
55619657639
55619707640
55619757642
55619807647
55619857640
55619907637
55619957646
55620007592
55620057625
55620107642
55620157635
55620207637
55620257642
55620307639
55620357640
55620407638
55620457639
55620507640
55620557645
55620607647
55620657648
55620707645
55620757650
55620807652
55620857657
55620907646
55620957643
55621007593
55621057630
55621107623
55621157640
55621207642
55621257643
55621307636
55621357637
55621407639
55621457640
55621507641
55621557638
55621607636
55621657637
55621707638
55621757639
55621807641
55621857638
55621907655
55621957644
55622007590
55622057631
55622107620
55622157637
55622207639
55622257640
55622307641
55622357622
55622407624
55622457641
55622507642
55622557643
55622607649
55622657650
55622707631
55622757652
55622807654
55622857655
55622907644
55622957637
55623007591
55623057624
55623107617
55623157638
55623207640
55623257621
55623307638
55623357639
55623407645
55623457646
55623507627
55623557628
55623607646
55623657647
55623707652
55623757653
55623807655
55623857656
55623907645
55623957654
55624007592
55624057625
55624107618
55624157639
55624207637
55624257642
55624307643
55624357624
55624407646
55624457639
55624507640
55624557641
55624607647
55624657648
55624707645
55624757642
55624807644
55624857649
55624907650
55624957655
55625007593
55625057622
55625107639
55625157636
55625207642
55625257643
55625307644
55625357637
55625407643
55625457644
55625507645
55625557646
55625607648
55625657645
55625707650
55625757651
55625807653
55625857658
55625907647
55625957660
55626007590
55626057623
55626107640
55626157637
55626207634
55626257636
55626307637
55626357642
55626407643
55626457644
55626507642
55626557643
55626607648
55626657649
55626707630
55626757656
55626807653
55626857654
55626907639
55626957640
55627007590
55627057619
55627107636
55627157637
55627207619
55627257624
55627307625
55627357622
55627407624
55627457629
55627507634
55627557635
55627607637
55627657634
55627707635
55627757636
55627807638
55627857639
55627907640
55627957641
55628007591
55628057628
55628107621
55628157618
55628207620
55628257621
55628307626
55628357627
55628407633
55628457634
55628507631
55628557632
55628607638
55628657643
55628707644
55628757645
55628807643
55628857648
55628907637
55628957650
55629007588
55629057625
55629107614
55629157639
55629207617
55629257622
55629307623
55629357620
55629407622
55629457627
55629507628
55629557629
55629607635
55629657632
55629707633
55629757634
55629807640
55629857641
55629907654
55629957639
55630007589
55630057630
55630107623
55630157624
55630207626
55630257623
55630307628
55630357629
55630407631
55630457636
55630507637
55630557634
55630607640
55630657645
55630707646
55630757651
55630807653
55630857654
55630907647
55630957656
55631007590
55631057627
55631107636
55631157637
55631207619
55631257624
55631307625
55631357630
55631407628
55631457633
55631507634
55631557639
55631607645
55631657650
55631707647
55631757648
55631807654
55631857655
55631907652
55631957661
55632007587
55632057628
55632107621
55632157622
55632207628
55632257625
55632307630
55632357635
55632407637
55632457642
55632507643
55632557640
55632607642
55632657647
55632707648
55632757649
55632807631
55632857652
55632907649
55632957634
55633007588
55633057625
55633107642
55633157635
55633207636
55633257618
55633307623
55633357628
55633407625
55633457630
55633507632
55633557637
55633607638
55633657643
55633707640
55633757642
55633807647
55633857652
55633907633
55633957638
55634007588
55634057621
55634107614
55634157615
55634207621
55634257626
55634307619
55634357624
55634407626
55634457627
55634507628
55634557633
55634607631
55634657632
55634707633
55634757638
55634807640
55634857637
55634907642
55634957647
55635007589
55635057626
55635107619
55635157636
55635207618
55635257623
55635307624
55635357629
55635407635
55635457632
55635507637
55635557642
55635607644
55635657645
55635707646
55635757643
55635807645
55635857650
55635907651
55635957656
55636007586
55636057623
55636107612
55636157613
55636207619
55636257620
55636307617
55636357622
55636407624
55636457625
55636507630
55636557631
55636607629
55636657634
55636707635
55636757640
55636807642
55636857647
55636907632
