# from_timestamp_us, to_timestamp_us
57267407971, 57267307977
57267507974, 57267407971
57267607976, 57267507974
57267707974, 57267607976
57267807972, 57267707974
57267907974, 57267807972
57268007921, 57267907974
57268107947, 57268007921
57268207973, 57268107947
57268307971, 57268207973
57268407973, 57268307971
57268507975, 57268407973
57268607973, 57268507975
57268707975, 57268607973
57268807977, 57268707975
57268907979, 57268807977
57269007918, 57268907979
57269107972, 57269007918
57269207958, 57269107972
57269307948, 57269207958
57269407966, 57269307948
57269507969, 57269407966
57269607971, 57269507969
57269707965, 57269607971
57269807963, 57269707965
57269907965, 57269807963
57270007916, 57269907965
57270107962, 57270007916
57270207948, 57270107962
57270307958, 57270207948
57270407960, 57270307958
57270507962, 57270407960
57270607960, 57270507962
57270707962, 57270607960
57270807964, 57270707962
57270907962, 57270807964
57271007909, 57270907962
57271107939, 57271007909
57271207945, 57271107939
57271307939, 57271207945
57271407941, 57271307939
57271507964, 57271407941
57271607962, 57271507964
57271707968, 57271607962
57271807962, 57271707968
57271907960, 57271807962
57272007907, 57271907960
57272107937, 57272007907
57272207943, 57272107937
57272307957, 57272207943
57272407959, 57272307957
57272507941, 57272407959
57272607959, 57272507941
57272707961, 57272607959
57272807967, 57272707961
57272907965, 57272807967
57273007904, 57272907965
57273107934, 57273007904
57273207944, 57273107934
57273307934, 57273207944
57273407936, 57273307934
57273507955, 57273407936
57273607961, 57273507955
57273707963, 57273607961
57273807961, 57273707963
57273907963, 57273807961
57274007902, 57273907963
57274107952, 57274007902
57274207934, 57274107952
57274307952, 57274207934
57274407946, 57274307952
57274507945, 57274407946
57280607924, 57280507922
57280707918, 57280607924
57280807924, 57280707918
57280907926, 57280807924
57281007877, 57280907926
57281107907, 57281007877
57281207921, 57281107907
57281307907, 57281207921
57281407929, 57281307907
57281507912, 57281407929
57281607930, 57281507912
57281707936, 57281607930
57281807938, 57281707936
57281907936, 57281807938
57282007875, 57281907936
57282107925, 57282007875
57282207911, 57282107925
57282307917, 57282207911
57282407911, 57282307917
57282507917, 57282407911
57282607915, 57282507917
57282707913, 57282607915
57282807919, 57282707913
57282907921, 57282807919
57283007868, 57282907921
57283107894, 57283007868
57283207916, 57283107894
57283307898, 57283207916
57283407904, 57283307898
57283507907, 57283407904
57283607909, 57283507907
57283707915, 57283607909
57283807917, 57283707915
57283907915, 57283807917
57284007866, 57283907915
57284107892, 57284007866
57284207894, 57284107892
57284307916, 57284207894
57284407898, 57284307916
57284507920, 57284407898
57284607922, 57284507920
57284707928, 57284607922
57284807926, 57284707928
57284907928, 57284807926
57285007863, 57284907928
57285107889, 57285007863
57285207895, 57285107889
57285307893, 57285207895
57285407899, 57285307893
57285507902, 57285407899
57285607920, 57285507902
57285707922, 57285607920
57285807924, 57285707922
57285907926, 57285807924
57286007861, 57285907926
57286107891, 57286007861
57286207897, 57286107891
57286307911, 57286207897
57286407913, 57286307911
57286507908, 57286407913
57286607910, 57286507908
57286707912, 57286607910
57286807906, 57286707912
57286907912, 57286807906
57287007855, 57286907912
57287107897, 57287007855
57287207903, 57287107897
57287307901, 57287207903
57287407899, 57287307901
57287507901, 57287407899
57287607899, 57287507901
57287707905, 57287607899
57287807907, 57287707905
57287907901, 57287807907
57288007852, 57287907901
57288107902, 57288007852
57288207884, 57288107902
57288307898, 57288207884
57288407904, 57288307898
57288507903, 57288407904
57288607905, 57288507903
57288707907, 57288607905
57288807905, 57288707907
57288907911, 57288807905
57289007850, 57288907911
57289107892, 57289007850
57289207878, 57289107892
57289307900, 57289207878
57289407898, 57289307900
57289507896, 57289407898
57289607902, 57289507896
57289707900, 57289607902
57289807906, 57289707900
57289907908, 57289807906
57290007843, 57289907908
57290107873, 57290007843
57290207875, 57290107873
57290307893, 57290207875
57290407895, 57290307893
57290507894, 57290407895
57290607896, 57290507894
57290707898, 57290607896
57290807896, 57290707898
57290907902, 57290807896
57291007841, 57290907902
57291107887, 57291007841
57291207877, 57291107887
57291307871, 57291207877
57291407893, 57291307871
57291507895, 57291407893
57291607877, 57291507895
57291707879, 57291607877
57291807881, 57291707879
57291907887, 57291807881
57292007838, 57291907887
57292107868, 57292007838
57292207886, 57292107868
57292307872, 57292207886
57292407878, 57292307872
57292507889, 57292407878
57292607887, 57292507889
57292707893, 57292607887
57292807887, 57292707893
57292907893, 57292807887
57293007832, 57292907893
57293107858, 57293007832
57293207872, 57293107858
57293307866, 57293207872
57293407864, 57293307866
57293507871, 57293407864
57293607873, 57293507871
57293707871, 57293607873
57293807877, 57293707871
57293907883, 57293807877
57294007830, 57293907883
57294107860, 57294007830
57294207874, 57294107860
57294307864, 57294207874
57294407866, 57294307864
57294507868, 57294407866
57294607866, 57294507868
57294707868, 57294607866
57294807870, 57294707868
57294907872, 57294807870
57295007827, 57294907872
57295107877, 57295007827
57295207875, 57295107877
57295307873, 57295207875
57295407867, 57295307873
57295507870, 57295407867
57295607872, 57295507870
57295707870, 57295607872
57295807868, 57295707870
57295907874, 57295807868
57296007825, 57295907874
57296107855, 57296007825
57296207853, 57296107855
57296307855, 57296207853
57296407857, 57296307855
57296507863, 57296407857
57296607881, 57296507863
57296707863, 57296607881
57296807865, 57296707863
57296907883, 57296807865
57297007822, 57296907883
57297107848, 57297007822
57297207870, 57297107848
57297307872, 57297207870
57297407874, 57297307872
57297507873, 57297407874
57297607875, 57297507873
57297707881, 57297607875
57297807875, 57297707881
57297907881, 57297807875
57298007816, 57297907881
57298107850, 57298007816
57298207860, 57298107850
57298307846, 57298207860
57298407852, 57298307846
57298507855, 57298407852
57298607853, 57298507855
57298707859, 57298607853
57298807861, 57298707859
57298907859, 57298807861
57299007814, 57298907859
57299107844, 57299007814
57299207858, 57299107844
57299307844, 57299207858
57299407846, 57299307844
57299507864, 57299407846
57299607870, 57299507864
57299707872, 57299607870
57299807870, 57299707872
57299907872, 57299807870
57300007815, 57299907872
57300107857, 57300007815
57300207847, 57300107857
57300307861, 57300207847
57300407859, 57300307861
57300507866, 57300407859
57300607864, 57300507866
57300707870, 57300607864
57300807872, 57300707870
57300907874, 57300807872
57301007805, 57300907874
57301107839, 57301007805
57301207837, 57301107839
57301307839, 57301207837
57301407841, 57301307839
57301507839, 57301407841
57301607845, 57301507839
57301707851, 57301607845
57301807845, 57301707851
57301907851, 57301807845
57302007802, 57301907851
57302107848, 57302007802
57302207850, 57302107848
57302307848, 57302207850
57302407850, 57302307848
57302507857, 57302407850
57302607859, 57302507857
57302707857, 57302607859
57302807859, 57302707857
57302907865, 57302807859
57303007800, 57302907865
57303107826, 57303007800
57303207828, 57303107826
57303307850, 57303207828
57303407852, 57303307850
57303507850, 57303407852
57303607856, 57303507850
57303707838, 57303607856
57303807860, 57303707838
57303907842, 57303807860
57304007793, 57303907842
57304107823, 57304007793
57304207841, 57304107823
57304307839, 57304207841
57304407841, 57304307839
57304507828, 57304407841
57304607850, 57304507828
57304707848, 57304607850
57304807850, 57304707848
57304907852, 57304807850
57305007791, 57304907852
57305107821, 57305007791
57305207819, 57305107821
57305307837, 57305207819
57305407843, 57305307837
57305507846, 57305407843
57305607848, 57305507846
57305707830, 57305607848
57305807848, 57305707830
57305907846, 57305807848
57306007789, 57305907846
57306107835, 57306007789
57306207829, 57306107835
57306307827, 57306207829
57306407821, 57306307827
57306507827, 57306407821
57306607825, 57306507827
57306707847, 57306607825
57306807845, 57306707847
57306907851, 57306807845
57307007782, 57306907851
57307107808, 57307007782
57307207826, 57307107808
57307307824, 57307207826
57307407826, 57307307824
57307507829, 57307407826
57307607827, 57307507829
57307707829, 57307607827
57307807831, 57307707829
57307907829, 57307807831
57308007780, 57307907829
57308107834, 57308007780
57308207816, 57308107834
57308307826, 57308207816
57308407824, 57308307826
57308507830, 57308407824
57308607836, 57308507830
57308707834, 57308607836
57308807840, 57308707834
57308907826, 57308807840
57309007777, 57308907826
57309107807, 57309007777
57309207825, 57309107807
57309307827, 57309207825
57309407809, 57309307827
57309507816, 57309407809
57309607814, 57309507816
57309707820, 57309607814
57309807826, 57309707820
57309907824, 57309807826
57310007771, 57309907824
57310107797, 57310007771
57310207807, 57310107797
57310307817, 57310207807
57310407823, 57310307817
57310507826, 57310407823
57310607808, 57310507826
57310707834, 57310607808
57310807832, 57310707834
57310907818, 57310807832
57311007769, 57310907818
57311107799, 57311007769
57311207813, 57311107799
57311307815, 57311207813
57311407821, 57311307815
57311507823, 57311407821
57311607821, 57311507823
57311707827, 57311607821
57311807809, 57311707827
57311907811, 57311807809
57312007766, 57311907811
57312107796, 57312007766
57312207802, 57312107796
57312307796, 57312207802
57312407798, 57312307796
57312507801, 57312407798
57312607807, 57312507801
57312707809, 57312607807
57312807807, 57312707809
57312907813, 57312807807
57313007764, 57312907813
57313107794, 57313007764
57313207804, 57313107794
57313307802, 57313207804
57313407804, 57313307802
57313507810, 57313407804
57313607808, 57313507810
57313707814, 57313607808
57313807820, 57313707814
57313907818, 57313807820
57314007757, 57313907818
57314107787, 57314007757
57314207801, 57314107787
57314307791, 57314207801
57314407797, 57314307791
57314507796, 57314407797
57314607806, 57314507796
57314707816, 57314607806
57314807810, 57314707816
57314907816, 57314807810
57315007755, 57314907816
57315107801, 57315007755
57315207803, 57315107801
57315307789, 57315207803
57315407791, 57315307789
57315507797, 57315407791
57315607803, 57315507797
57315707801, 57315607803
57315807807, 57315707801
57315907813, 57315807807
57316007752, 57315907813
57316107786, 57316007752
57316207784, 57316107786
57316307786, 57316207784
57316407788, 57316307786
57316507791, 57316407788
57316607793, 57316507791
57316707803, 57316607793
57316807801, 57316707803
57316907807, 57316807801
57317007750, 57316907807
57317107792, 57317007750
57317207782, 57317107792
57317307780, 57317207782
57317407798, 57317307780
57317507805, 57317407798
57317607807, 57317507805
57317707805, 57317607807
57317807807, 57317707805
57317907809, 57317807807
57318007744, 57317907809
57318107778, 57318007744
57318207776, 57318107778
57318307778, 57318207776
57318407784, 57318307778
57318507790, 57318407784
57318607792, 57318507790
57318707798, 57318607792
57318807796, 57318707798
57318907798, 57318807796
57319007741, 57318907798
57319107783, 57319007741
57319207769, 57319107783
57319307779, 57319207769
57319407777, 57319307779
57319507784, 57319407777
57319607786, 57319507784
57319707784, 57319607786
57319807786, 57319707784
57319907792, 57319807786
57320007739, 57319907792
57320107765, 57320007739
57320207767, 57320107765
57320307785, 57320207767
57320407787, 57320307785
57320507789, 57320407787
57320607787, 57320507789
57320707789, 57320607787
57320807791, 57320707789
57320907789, 57320807791
57321007732, 57320907789
57321107786, 57321007732
57321207768, 57321107786
57321307782, 57321207768
57321407776, 57321307782
57321507783, 57321407776
57321607785, 57321507783
57321707783, 57321607785
57321807789, 57321707783
57321907795, 57321807789
57322007730, 57321907795
57322107764, 57322007730
57322207778, 57322107764
57322307780, 57322207778
57322407762, 57322307780
57322507769, 57322407762
57322607767, 57322507769
57322707773, 57322607767
57322807775, 57322707773
57322907777, 57322807775
57323007728, 57322907777
57323107758, 57323007728
57323207756, 57323107758
57323307758, 57323207756
57323407764, 57323307758
57323507762, 57323407764
57323607764, 57323507762
57323707774, 57323607764
57323807772, 57323707774
57323907778, 57323807772
57324007721, 57323907778
57324107755, 57324007721
57324207769, 57324107755
57324307759, 57324207769
57324407765, 57324307759
57324507772, 57324407765
57324607770, 57324507772
57324707780, 57324607770
57324807762, 57324707780
57324907764, 57324807762
57325007719, 57324907764
57325107753, 57325007719
57325207767, 57325107753
57325307757, 57325207767
57325407759, 57325307757
57325507757, 57325407759
57325607763, 57325507757
57325707765, 57325607763
57325807767, 57325707765
57325907773, 57325807767
57326007716, 57325907773
57326107746, 57326007716
57326207764, 57326107746
57326307750, 57326207764
57326407756, 57326307750
57326507763, 57326407756
57326607761, 57326507763
57326707771, 57326607761
57326807777, 57326707771
57326907779, 57326807777
57327007714, 57326907779
57327107760, 57327007714
57361607636, 57361507634
57361707642, 57361607636
57361807628, 57361707642
57361907630, 57361807628
57362007585, 57361907630
57362107623, 57362007585
57362207633, 57362107623
57362307627, 57362207633
57362407637, 57362307627
57362507620, 57362407637
57362607630, 57362507620
57362707632, 57362607630
57362807642, 57362707632
57362907628, 57362807642
57363007583, 57362907628
57363107613, 57363007583
57363207611, 57363107613
57363307621, 57363207611
57363407635, 57363307621
57363507621, 57363407635
57363607623, 57363507621
57363707633, 57363607623
57363807643, 57363707633
57363907625, 57363807643
57364007580, 57363907625
57364107606, 57364007580
57364207620, 57364107606
57364307614, 57364207620
57364407624, 57364307614
57364507631, 57364407624
57364607621, 57364507631
57364707631, 57364607621
57364807633, 57364707631
57364907623, 57364807633
57365007574, 57364907623
57365107608, 57365007574
57365207610, 57365107608
57365307616, 57365207610
57365407626, 57365307616
57365507613, 57365407626
57365607619, 57365507613
57365707629, 57365607619
57365807615, 57365707629
57365907625, 57365807615
57366007572, 57365907625
57366107602, 57366007572
57366207604, 57366107602
57366307606, 57366207604
57366407616, 57366307606
57366507622, 57366407616
57366607608, 57366507622
57366707622, 57366607608
57366807624, 57366707622
57366907614, 57366807624
57367007569, 57366907614
57367107615, 57367007569
57367207601, 57367107615
57367307607, 57367207601
57367407613, 57367307607
57367507624, 57367407613
57367607634, 57367507624
57367707616, 57367607634
57367807630, 57367707616
57367907612, 57367807630
57368007563, 57367907612
57368107593, 57368007563
57368207611, 57368107593
57368307601, 57368207611
57368407611, 57368307601
57368507617, 57368407611
57368607603, 57368507617
57368707613, 57368607603
57368807615, 57368707613
57368907625, 57368807615
57369007560, 57368907625
57369107586, 57369007560
57369207596, 57369107586
57369307598, 57369207596
57369407600, 57369307598
57369507611, 57369407600
57369607597, 57369507611
57369707603, 57369607597
57369807613, 57369707603
57369907623, 57369807613
57370007558, 57369907623
57370107588, 57370007558
57370207602, 57370107588
57370307600, 57370207602
57370407610, 57370307600
57370507592, 57370407610
57370607602, 57370507592
57370707616, 57370607602
57370807618, 57370707616
57370907608, 57370807618
57371007551, 57370907608
57371107581, 57371007551
57371207595, 57371107581
57371307601, 57371207595
57371407583, 57371307601
57371507594, 57371407583
57371607604, 57371507594
57371707610, 57371607604
57371807596, 57371707610
57371907606, 57371807596
57372007549, 57371907606
57372107583, 57372007549
57372207585, 57372107583
57372307595, 57372207585
57372407581, 57372307595
57372507596, 57372407581
57372607598, 57372507596
57372707588, 57372607598
57372807598, 57372707588
57372907608, 57372807598
57373007547, 57372907608
57373107597, 57373007547
57373207583, 57373107597
57373307597, 57373207583
57373407599, 57373307597
57373507589, 57373407599
57373607603, 57373507589
57373707605, 57373607603
57373807595, 57373707605
57373907605, 57373807595
57374007544, 57373907605
57374107578, 57374007544
57374207584, 57374107578
57374307590, 57374207584
57374407580, 57374307590
57374507595, 57374407580
57374607597, 57374507595
57374707587, 57374607597
57374807597, 57374707587
57374907607, 57374807597
57375007538, 57374907607
57375107572, 57375007538
57375207574, 57375107572
57375307568, 57375207574
57375407578, 57375307568
57375507584, 57375407578
57375607574, 57375507584
57375707580, 57375607574
57375807594, 57375707580
57375907584, 57375807594
57376007535, 57375907584
57376107565, 57376007535
57376207567, 57376107565
57376307581, 57376207567
57376407567, 57376307581
57376507578, 57376407567
57376607580, 57376507578
57376707590, 57376607580
57376807576, 57376707590
57376907582, 57376807576
57377007533, 57376907582
57377107567, 57377007533
57377207581, 57377107567
57377307583, 57377207581
57377407569, 57377307583
57377507576, 57377407569
57377607586, 57377507576
57377707576, 57377607586
57377807582, 57377707576
57377907592, 57377807582
57378007527, 57377907592
57378107561, 57378007527
57378207567, 57378107561
57378307573, 57378207567
57378407563, 57378307573
57378507573, 57378407563
57378607579, 57378507573
57378707569, 57378607579
57378807583, 57378707569
57378907585, 57378807583
57379007524, 57378907585
57379107554, 57379007524
57379207552, 57379107554
57379307570, 57379207552
57379407556, 57379307570
57379507563, 57379407556
57379607577, 57379507563
57379707563, 57379607577
57379807569, 57379707563
57379907579, 57379807569
57380007522, 57379907579
57380107552, 57380007522
57380207558, 57380107552
57380307552, 57380207558
57380407558, 57380307552
57380507568, 57380407558
57380607578, 57380507568
57380707560, 57380607578
57380807570, 57380707560
57380907576, 57380807570
57381007515, 57380907576
57381107545, 57381007515
57381207543, 57381107545
57381307545, 57381207543
57381407551, 57381307545
57381507554, 57381407551
57381607564, 57381507554
57381707574, 57381607564
57381807576, 57381707574
57381907562, 57381807576
57382007513, 57381907562
57382107563, 57382007513
57382207553, 57382107563
57382307551, 57382207553
57382407553, 57382307551
57382507567, 57382407553
57382607553, 57382507567
57382707555, 57382607553
57382807565, 57382707555
57382907575, 57382807565
