# from_timestamp_us, to_timestamp_us
57267407971, 57267507974
57267507974, 57267607976
57267607976, 57267707974
57267707974, 57267807972
57267807972, 57267907974
57267907974, 57268007921
57268007921, 57268107947
57268107947, 57268207973
57268207973, 57268307971
57268307971, 57268407973
57268407973, 57268507975
57268507975, 57268607973
57268607973, 57268707975
57268707975, 57268807977
57268807977, 57268907979
57268907979, 57269007918
57269007918, 57269107972
57269107972, 57269207958
57269207958, 57269307948
57269307948, 57269407966
57269407966, 57269507969
57269507969, 57269607971
57269607971, 57269707965
57269707965, 57269807963
57269807963, 57269907965
57269907965, 57270007916
57270007916, 57270107962
57270107962, 57270207948
57270207948, 57270307958
57270307958, 57270407960
57270407960, 57270507962
57270507962, 57270607960
57270607960, 57270707962
57270707962, 57270807964
57270807964, 57270907962
57270907962, 57271007909
57271007909, 57271107939
57271107939, 57271207945
57271207945, 57271307939
57271307939, 57271407941
57271407941, 57271507964
57271507964, 57271607962
57271607962, 57271707968
57271707968, 57271807962
57271807962, 57271907960
57271907960, 57272007907
57272007907, 57272107937
57272107937, 57272207943
57272207943, 57272307957
57272307957, 57272407959
57272407959, 57272507941
57272507941, 57272607959
57272607959, 57272707961
57272707961, 57272807967
57272807967, 57272907965
57272907965, 57273007904
57273007904, 57273107934
57273107934, 57273207944
57273207944, 57273307934
57273307934, 57273407936
57273407936, 57273507955
57273507955, 57273607961
57273607961, 57273707963
57273707963, 57273807961
57273807961, 57273907963
57273907963, 57274007902
57274007902, 57274107952
57274107952, 57274207934
57274207934, 57274307952
57274307952, 57274407946
57274407946, 57274507945
57274507945, 57274607939
57280607924, 57280707918
57280707918, 57280807924
57280807924, 57280907926
57280907926, 57281007877
57281007877, 57281107907
57281107907, 57281207921
57281207921, 57281307907
57281307907, 57281407929
57281407929, 57281507912
57281507912, 57281607930
57281607930, 57281707936
57281707936, 57281807938
57281807938, 57281907936
57281907936, 57282007875
57282007875, 57282107925
57282107925, 57282207911
57282207911, 57282307917
57282307917, 57282407911
57282407911, 57282507917
57282507917, 57282607915
57282607915, 57282707913
57282707913, 57282807919
57282807919, 57282907921
57282907921, 57283007868
57283007868, 57283107894
57283107894, 57283207916
57283207916, 57283307898
57283307898, 57283407904
57283407904, 57283507907
57283507907, 57283607909
57283607909, 57283707915
57283707915, 57283807917
57283807917, 57283907915
57283907915, 57284007866
57284007866, 57284107892
57284107892, 57284207894
57284207894, 57284307916
57284307916, 57284407898
57284407898, 57284507920
57284507920, 57284607922
57284607922, 57284707928
57284707928, 57284807926
57284807926, 57284907928
57284907928, 57285007863
57285007863, 57285107889
57285107889, 57285207895
57285207895, 57285307893
57285307893, 57285407899
57285407899, 57285507902
57285507902, 57285607920
57285607920, 57285707922
57285707922, 57285807924
57285807924, 57285907926
57285907926, 57286007861
57286007861, 57286107891
57286107891, 57286207897
57286207897, 57286307911
57286307911, 57286407913
57286407913, 57286507908
57286507908, 57286607910
57286607910, 57286707912
57286707912, 57286807906
57286807906, 57286907912
57286907912, 57287007855
57287007855, 57287107897
57287107897, 57287207903
57287207903, 57287307901
57287307901, 57287407899
57287407899, 57287507901
57287507901, 57287607899
57287607899, 57287707905
57287707905, 57287807907
57287807907, 57287907901
57287907901, 57288007852
57288007852, 57288107902
57288107902, 57288207884
57288207884, 57288307898
57288307898, 57288407904
57288407904, 57288507903
57288507903, 57288607905
57288607905, 57288707907
57288707907, 57288807905
57288807905, 57288907911
57288907911, 57289007850
57289007850, 57289107892
57289107892, 57289207878
57289207878, 57289307900
57289307900, 57289407898
57289407898, 57289507896
57289507896, 57289607902
57289607902, 57289707900
57289707900, 57289807906
57289807906, 57289907908
57289907908, 57290007843
57290007843, 57290107873
57290107873, 57290207875
57290207875, 57290307893
57290307893, 57290407895
57290407895, 57290507894
57290507894, 57290607896
57290607896, 57290707898
57290707898, 57290807896
57290807896, 57290907902
57290907902, 57291007841
57291007841, 57291107887
57291107887, 57291207877
57291207877, 57291307871
57291307871, 57291407893
57291407893, 57291507895
57291507895, 57291607877
57291607877, 57291707879
57291707879, 57291807881
57291807881, 57291907887
57291907887, 57292007838
57292007838, 57292107868
57292107868, 57292207886
57292207886, 57292307872
57292307872, 57292407878
57292407878, 57292507889
57292507889, 57292607887
57292607887, 57292707893
57292707893, 57292807887
57292807887, 57292907893
57292907893, 57293007832
57293007832, 57293107858
57293107858, 57293207872
57293207872, 57293307866
57293307866, 57293407864
57293407864, 57293507871
57293507871, 57293607873
57293607873, 57293707871
57293707871, 57293807877
57293807877, 57293907883
57293907883, 57294007830
57294007830, 57294107860
57294107860, 57294207874
57294207874, 57294307864
57294307864, 57294407866
57294407866, 57294507868
57294507868, 57294607866
57294607866, 57294707868
57294707868, 57294807870
57294807870, 57294907872
57294907872, 57295007827
57295007827, 57295107877
57295107877, 57295207875
57295207875, 57295307873
57295307873, 57295407867
57295407867, 57295507870
57295507870, 57295607872
57295607872, 57295707870
57295707870, 57295807868
57295807868, 57295907874
57295907874, 57296007825
57296007825, 57296107855
57296107855, 57296207853
57296207853, 57296307855
57296307855, 57296407857
57296407857, 57296507863
57296507863, 57296607881
57296607881, 57296707863
57296707863, 57296807865
57296807865, 57296907883
57296907883, 57297007822
57297007822, 57297107848
57297107848, 57297207870
57297207870, 57297307872
57297307872, 57297407874
57297407874, 57297507873
57297507873, 57297607875
57297607875, 57297707881
57297707881, 57297807875
57297807875, 57297907881
57297907881, 57298007816
57298007816, 57298107850
57298107850, 57298207860
57298207860, 57298307846
57298307846, 57298407852
57298407852, 57298507855
57298507855, 57298607853
57298607853, 57298707859
57298707859, 57298807861
57298807861, 57298907859
57298907859, 57299007814
57299007814, 57299107844
57299107844, 57299207858
57299207858, 57299307844
57299307844, 57299407846
57299407846, 57299507864
57299507864, 57299607870
57299607870, 57299707872
57299707872, 57299807870
57299807870, 57299907872
57299907872, 57300007815
57300007815, 57300107857
57300107857, 57300207847
57300207847, 57300307861
57300307861, 57300407859
57300407859, 57300507866
57300507866, 57300607864
57300607864, 57300707870
57300707870, 57300807872
57300807872, 57300907874
57300907874, 57301007805
57301007805, 57301107839
57301107839, 57301207837
57301207837, 57301307839
57301307839, 57301407841
57301407841, 57301507839
57301507839, 57301607845
57301607845, 57301707851
57301707851, 57301807845
57301807845, 57301907851
57301907851, 57302007802
57302007802, 57302107848
57302107848, 57302207850
57302207850, 57302307848
57302307848, 57302407850
57302407850, 57302507857
57302507857, 57302607859
57302607859, 57302707857
57302707857, 57302807859
57302807859, 57302907865
57302907865, 57303007800
57303007800, 57303107826
57303107826, 57303207828
57303207828, 57303307850
57303307850, 57303407852
57303407852, 57303507850
57303507850, 57303607856
57303607856, 57303707838
57303707838, 57303807860
57303807860, 57303907842
57303907842, 57304007793
57304007793, 57304107823
57304107823, 57304207841
57304207841, 57304307839
57304307839, 57304407841
57304407841, 57304507828
57304507828, 57304607850
57304607850, 57304707848
57304707848, 57304807850
57304807850, 57304907852
57304907852, 57305007791
57305007791, 57305107821
57305107821, 57305207819
57305207819, 57305307837
57305307837, 57305407843
57305407843, 57305507846
57305507846, 57305607848
57305607848, 57305707830
57305707830, 57305807848
57305807848, 57305907846
57305907846, 57306007789
57306007789, 57306107835
57306107835, 57306207829
57306207829, 57306307827
57306307827, 57306407821
57306407821, 57306507827
57306507827, 57306607825
57306607825, 57306707847
57306707847, 57306807845
57306807845, 57306907851
57306907851, 57307007782
57307007782, 57307107808
57307107808, 57307207826
57307207826, 57307307824
57307307824, 57307407826
57307407826, 57307507829
57307507829, 57307607827
57307607827, 57307707829
57307707829, 57307807831
57307807831, 57307907829
57307907829, 57308007780
57308007780, 57308107834
57308107834, 57308207816
57308207816, 57308307826
57308307826, 57308407824
57308407824, 57308507830
57308507830, 57308607836
57308607836, 57308707834
57308707834, 57308807840
57308807840, 57308907826
57308907826, 57309007777
57309007777, 57309107807
57309107807, 57309207825
57309207825, 57309307827
57309307827, 57309407809
57309407809, 57309507816
57309507816, 57309607814
57309607814, 57309707820
57309707820, 57309807826
57309807826, 57309907824
57309907824, 57310007771
57310007771, 57310107797
57310107797, 57310207807
57310207807, 57310307817
57310307817, 57310407823
57310407823, 57310507826
57310507826, 57310607808
57310607808, 57310707834
57310707834, 57310807832
57310807832, 57310907818
57310907818, 57311007769
57311007769, 57311107799
57311107799, 57311207813
57311207813, 57311307815
57311307815, 57311407821
57311407821, 57311507823
57311507823, 57311607821
57311607821, 57311707827
57311707827, 57311807809
57311807809, 57311907811
57311907811, 57312007766
57312007766, 57312107796
57312107796, 57312207802
57312207802, 57312307796
57312307796, 57312407798
57312407798, 57312507801
57312507801, 57312607807
57312607807, 57312707809
57312707809, 57312807807
57312807807, 57312907813
57312907813, 57313007764
57313007764, 57313107794
57313107794, 57313207804
57313207804, 57313307802
57313307802, 57313407804
57313407804, 57313507810
57313507810, 57313607808
57313607808, 57313707814
57313707814, 57313807820
57313807820, 57313907818
57313907818, 57314007757
57314007757, 57314107787
57314107787, 57314207801
57314207801, 57314307791
57314307791, 57314407797
57314407797, 57314507796
57314507796, 57314607806
57314607806, 57314707816
57314707816, 57314807810
57314807810, 57314907816
57314907816, 57315007755
57315007755, 57315107801
57315107801, 57315207803
57315207803, 57315307789
57315307789, 57315407791
57315407791, 57315507797
57315507797, 57315607803
57315607803, 57315707801
57315707801, 57315807807
57315807807, 57315907813
57315907813, 57316007752
57316007752, 57316107786
57316107786, 57316207784
57316207784, 57316307786
57316307786, 57316407788
57316407788, 57316507791
57316507791, 57316607793
57316607793, 57316707803
57316707803, 57316807801
57316807801, 57316907807
57316907807, 57317007750
57317007750, 57317107792
57317107792, 57317207782
57317207782, 57317307780
57317307780, 57317407798
57317407798, 57317507805
57317507805, 57317607807
57317607807, 57317707805
57317707805, 57317807807
57317807807, 57317907809
57317907809, 57318007744
57318007744, 57318107778
57318107778, 57318207776
57318207776, 57318307778
57318307778, 57318407784
57318407784, 57318507790
57318507790, 57318607792
57318607792, 57318707798
57318707798, 57318807796
57318807796, 57318907798
57318907798, 57319007741
57319007741, 57319107783
57319107783, 57319207769
57319207769, 57319307779
57319307779, 57319407777
57319407777, 57319507784
57319507784, 57319607786
57319607786, 57319707784
57319707784, 57319807786
57319807786, 57319907792
57319907792, 57320007739
57320007739, 57320107765
57320107765, 57320207767
57320207767, 57320307785
57320307785, 57320407787
57320407787, 57320507789
57320507789, 57320607787
57320607787, 57320707789
57320707789, 57320807791
57320807791, 57320907789
57320907789, 57321007732
57321007732, 57321107786
57321107786, 57321207768
57321207768, 57321307782
57321307782, 57321407776
57321407776, 57321507783
57321507783, 57321607785
57321607785, 57321707783
57321707783, 57321807789
57321807789, 57321907795
57321907795, 57322007730
57322007730, 57322107764
57322107764, 57322207778
57322207778, 57322307780
57322307780, 57322407762
57322407762, 57322507769
57322507769, 57322607767
57322607767, 57322707773
57322707773, 57322807775
57322807775, 57322907777
57322907777, 57323007728
57323007728, 57323107758
57323107758, 57323207756
57323207756, 57323307758
57323307758, 57323407764
57323407764, 57323507762
57323507762, 57323607764
57323607764, 57323707774
57323707774, 57323807772
57323807772, 57323907778
57323907778, 57324007721
57324007721, 57324107755
57324107755, 57324207769
57324207769, 57324307759
57324307759, 57324407765
57324407765, 57324507772
57324507772, 57324607770
57324607770, 57324707780
57324707780, 57324807762
57324807762, 57324907764
57324907764, 57325007719
57325007719, 57325107753
57325107753, 57325207767
57325207767, 57325307757
57325307757, 57325407759
57325407759, 57325507757
57325507757, 57325607763
57325607763, 57325707765
57325707765, 57325807767
57325807767, 57325907773
57325907773, 57326007716
57326007716, 57326107746
57326107746, 57326207764
57326207764, 57326307750
57326307750, 57326407756
57326407756, 57326507763
57326507763, 57326607761
57326607761, 57326707771
57326707771, 57326807777
57326807777, 57326907779
57326907779, 57327007714
57327007714, 57327107760
57327107760, 57327207758
57361607636, 57361707642
57361707642, 57361807628
57361807628, 57361907630
57361907630, 57362007585
57362007585, 57362107623
57362107623, 57362207633
57362207633, 57362307627
57362307627, 57362407637
57362407637, 57362507620
57362507620, 57362607630
57362607630, 57362707632
57362707632, 57362807642
57362807642, 57362907628
57362907628, 57363007583
57363007583, 57363107613
57363107613, 57363207611
57363207611, 57363307621
57363307621, 57363407635
57363407635, 57363507621
57363507621, 57363607623
57363607623, 57363707633
57363707633, 57363807643
57363807643, 57363907625
57363907625, 57364007580
57364007580, 57364107606
57364107606, 57364207620
57364207620, 57364307614
57364307614, 57364407624
57364407624, 57364507631
57364507631, 57364607621
57364607621, 57364707631
57364707631, 57364807633
57364807633, 57364907623
57364907623, 57365007574
57365007574, 57365107608
57365107608, 57365207610
57365207610, 57365307616
57365307616, 57365407626
57365407626, 57365507613
57365507613, 57365607619
57365607619, 57365707629
57365707629, 57365807615
57365807615, 57365907625
57365907625, 57366007572
57366007572, 57366107602
57366107602, 57366207604
57366207604, 57366307606
57366307606, 57366407616
57366407616, 57366507622
57366507622, 57366607608
57366607608, 57366707622
57366707622, 57366807624
57366807624, 57366907614
57366907614, 57367007569
57367007569, 57367107615
57367107615, 57367207601
57367207601, 57367307607
57367307607, 57367407613
57367407613, 57367507624
57367507624, 57367607634
57367607634, 57367707616
57367707616, 57367807630
57367807630, 57367907612
57367907612, 57368007563
57368007563, 57368107593
57368107593, 57368207611
57368207611, 57368307601
57368307601, 57368407611
57368407611, 57368507617
57368507617, 57368607603
57368607603, 57368707613
57368707613, 57368807615
57368807615, 57368907625
57368907625, 57369007560
57369007560, 57369107586
57369107586, 57369207596
57369207596, 57369307598
57369307598, 57369407600
57369407600, 57369507611
57369507611, 57369607597
57369607597, 57369707603
57369707603, 57369807613
57369807613, 57369907623
57369907623, 57370007558
57370007558, 57370107588
57370107588, 57370207602
57370207602, 57370307600
57370307600, 57370407610
57370407610, 57370507592
57370507592, 57370607602
57370607602, 57370707616
57370707616, 57370807618
57370807618, 57370907608
57370907608, 57371007551
57371007551, 57371107581
57371107581, 57371207595
57371207595, 57371307601
57371307601, 57371407583
57371407583, 57371507594
57371507594, 57371607604
57371607604, 57371707610
57371707610, 57371807596
57371807596, 57371907606
57371907606, 57372007549
57372007549, 57372107583
57372107583, 57372207585
57372207585, 57372307595
57372307595, 57372407581
57372407581, 57372507596
57372507596, 57372607598
57372607598, 57372707588
57372707588, 57372807598
57372807598, 57372907608
57372907608, 57373007547
57373007547, 57373107597
57373107597, 57373207583
57373207583, 57373307597
57373307597, 57373407599
57373407599, 57373507589
57373507589, 57373607603
57373607603, 57373707605
57373707605, 57373807595
57373807595, 57373907605
57373907605, 57374007544
57374007544, 57374107578
57374107578, 57374207584
57374207584, 57374307590
57374307590, 57374407580
57374407580, 57374507595
57374507595, 57374607597
57374607597, 57374707587
57374707587, 57374807597
57374807597, 57374907607
57374907607, 57375007538
57375007538, 57375107572
57375107572, 57375207574
57375207574, 57375307568
57375307568, 57375407578
57375407578, 57375507584
57375507584, 57375607574
57375607574, 57375707580
57375707580, 57375807594
57375807594, 57375907584
57375907584, 57376007535
57376007535, 57376107565
57376107565, 57376207567
57376207567, 57376307581
57376307581, 57376407567
57376407567, 57376507578
57376507578, 57376607580
57376607580, 57376707590
57376707590, 57376807576
57376807576, 57376907582
57376907582, 57377007533
57377007533, 57377107567
57377107567, 57377207581
57377207581, 57377307583
57377307583, 57377407569
57377407569, 57377507576
57377507576, 57377607586
57377607586, 57377707576
57377707576, 57377807582
57377807582, 57377907592
57377907592, 57378007527
57378007527, 57378107561
57378107561, 57378207567
57378207567, 57378307573
57378307573, 57378407563
57378407563, 57378507573
57378507573, 57378607579
57378607579, 57378707569
57378707569, 57378807583
57378807583, 57378907585
57378907585, 57379007524
57379007524, 57379107554
57379107554, 57379207552
57379207552, 57379307570
57379307570, 57379407556
57379407556, 57379507563
57379507563, 57379607577
57379607577, 57379707563
57379707563, 57379807569
57379807569, 57379907579
57379907579, 57380007522
57380007522, 57380107552
57380107552, 57380207558
57380207558, 57380307552
57380307552, 57380407558
57380407558, 57380507568
57380507568, 57380607578
57380607578, 57380707560
57380707560, 57380807570
57380807570, 57380907576
57380907576, 57381007515
57381007515, 57381107545
57381107545, 57381207543
57381207543, 57381307545
57381307545, 57381407551
57381407551, 57381507554
57381507554, 57381607564
57381607564, 57381707574
57381707574, 57381807576
57381807576, 57381907562
57381907562, 57382007513
57382007513, 57382107563
57382107563, 57382207553
57382207553, 57382307551
57382307551, 57382407553
57382407553, 57382507567
57382507567, 57382607553
57382607553, 57382707555
57382707555, 57382807565
57382807565, 57382907575
57382907575, 57383007510
