# from_timestamp_us, to_timestamp_us
55609607642, 55609507639
55609707644, 55609607642
55609807643, 55609707644
55609907641, 55609807643
55610007596, 55609907641
55610107626, 55610007596
55610207629, 55610107626
55610307627, 55610207629
55610407634, 55610307627
55610507636, 55610407634
55610607635, 55610507636
55610707637, 55610607635
55610807644, 55610707637
55610907654, 55610807644
55611007593, 55610907654
55611107627, 55611007593
55611207622, 55611107627
55611307628, 55611207622
55611407631, 55611307628
55611507629, 55611407631
55611607636, 55611507629
55611707638, 55611607636
55611807637, 55611707638
55611907647, 55611807637
55612007594, 55611907647
55612107620, 55612007594
55612207622, 55612107620
55612307629, 55612207622
55612407647, 55612307629
55612507630, 55612407647
55612607632, 55612507630
55612707638, 55612607632
55612807645, 55612707638
55612907647, 55612807645
55613007594, 55612907647
55613107624, 55613007594
55613207643, 55613107624
55613307625, 55613207643
55613407632, 55613307625
55613507650, 55613407632
55613607653, 55613507650
55613707635, 55613607653
55613807638, 55613707635
55613907648, 55613807638
55614007595, 55613907648
55614107621, 55614007595
55614207628, 55614107621
55614307630, 55614207628
55614407633, 55614307630
55614507639, 55614407633
55614607646, 55614507639
55614707644, 55614607646
55614807651, 55614707644
55614907641, 55614807651
55615007592, 55614907641
55615107622, 55615007592
55615207649, 55615107622
55615307623, 55615207649
55615407634, 55615307623
55615507632, 55615407634
55615607639, 55615507632
55615707645, 55615607639
55615807644, 55615707645
55615907650, 55615807644
55616007593, 55615907650
55616107619, 55616007593
55616207626, 55616107619
55616307632, 55616207626
55616407635, 55616307632
55616507641, 55616407635
55616607648, 55616507641
55616707646, 55616607648
55616807657, 55616707646
55616907651, 55616807657
55617007594, 55616907651
55617107624, 55617007594
55617207627, 55617107624
55617307625, 55617207627
55617407632, 55617307625
55617507634, 55617407632
55617607637, 55617507634
55617707643, 55617607637
55617807650, 55617707643
55617907656, 55617807650
55618007591, 55617907656
55618107637, 55618007591
55618207640, 55618107637
55618307622, 55618207640
55618407625, 55618307622
55618507631, 55618407625
55618607638, 55618507631
55618707636, 55618607638
55618807643, 55618707636
55618907657, 55618807643
55619007592, 55618907657
55619107618, 55619007592
55619207624, 55619107618
