# from_timestamp_us, to_timestamp_us
55609607642, 55609707644
55609707644, 55609807643
55609807643, 55609907641
55609907641, 55610007596
55610007596, 55610107626
55610107626, 55610207629
55610207629, 55610307627
55610307627, 55610407634
55610407634, 55610507636
55610507636, 55610607635
55610607635, 55610707637
55610707637, 55610807644
55610807644, 55610907654
55610907654, 55611007593
55611007593, 55611107627
55611107627, 55611207622
55611207622, 55611307628
55611307628, 55611407631
55611407631, 55611507629
55611507629, 55611607636
55611607636, 55611707638
55611707638, 55611807637
55611807637, 55611907647
55611907647, 55612007594
55612007594, 55612107620
55612107620, 55612207622
55612207622, 55612307629
55612307629, 55612407647
55612407647, 55612507630
55612507630, 55612607632
55612607632, 55612707638
55612707638, 55612807645
55612807645, 55612907647
55612907647, 55613007594
55613007594, 55613107624
55613107624, 55613207643
55613207643, 55613307625
55613307625, 55613407632
55613407632, 55613507650
55613507650, 55613607653
55613607653, 55613707635
55613707635, 55613807638
55613807638, 55613907648
55613907648, 55614007595
55614007595, 55614107621
55614107621, 55614207628
55614207628, 55614307630
55614307630, 55614407633
55614407633, 55614507639
55614507639, 55614607646
55614607646, 55614707644
55614707644, 55614807651
55614807651, 55614907641
55614907641, 55615007592
55615007592, 55615107622
55615107622, 55615207649
55615207649, 55615307623
55615307623, 55615407634
55615407634, 55615507632
55615507632, 55615607639
55615607639, 55615707645
55615707645, 55615807644
55615807644, 55615907650
55615907650, 55616007593
55616007593, 55616107619
55616107619, 55616207626
55616207626, 55616307632
55616307632, 55616407635
55616407635, 55616507641
55616507641, 55616607648
55616607648, 55616707646
55616707646, 55616807657
55616807657, 55616907651
55616907651, 55617007594
55617007594, 55617107624
55617107624, 55617207627
55617207627, 55617307625
55617307625, 55617407632
55617407632, 55617507634
55617507634, 55617607637
55617607637, 55617707643
55617707643, 55617807650
55617807650, 55617907656
55617907656, 55618007591
55618007591, 55618107637
55618107637, 55618207640
55618207640, 55618307622
55618307622, 55618407625
55618407625, 55618507631
55618507631, 55618607638
55618607638, 55618707636
55618707636, 55618807643
55618807643, 55618907657
55618907657, 55619007592
55619007592, 55619107618
55619107618, 55619207624
55619207624, 55619307623
