# from_timestamp_us, to_timestamp_us
37089500463, 37089400462
37089600461, 37089500463
37089700459, 37089600461
37089800462, 37089700459
37089900456, 37089800462
37090000407, 37089900456
37090100433, 37090000407
37090200435, 37090100433
37090300458, 37090200435
37090400440, 37090300458
37090500443, 37090400440
37090600465, 37090500443
37090700467, 37090600465
37090800450, 37090700467
37090900452, 37090800450
37091000407, 37090900452
37091100434, 37091000407
37091200453, 37091100434
37091300456, 37091200453
37091400464, 37091300456
37091500462, 37091400464
37091600468, 37091500462
37091700470, 37091600468
37091800466, 37091700470
37091900476, 37091800466
37092000410, 37091900476
37092100440, 37092000410
37092200438, 37092100440
37092300462, 37092200438
37092400444, 37092300462
37092500449, 37092400444
37092600444, 37092500449
37092700446, 37092600444
37092800451, 37092700446
37092900449, 37092800451
37093000394, 37092900449
37093100423, 37093000394
37093200420, 37093100423
37093300422, 37093200420
37093400428, 37093300422
37093500426, 37093400428
37093600434, 37093500426
37093700436, 37093600434
37093800438, 37093700436
37093900436, 37093800438
37094000392, 37093900436
37094100442, 37094000392
37094200440, 37094100442
37094300446, 37094200440
37094400444, 37094300446
37094500448, 37094400444
37094600447, 37094500448
37094700453, 37094600447
37094800440, 37094700453
37094900454, 37094800440
37095000393, 37094900454
37095100419, 37095000393
37095200441, 37095100419
37095300444, 37095200441
37095400446, 37095300444
37095500448, 37095400446
37095600455, 37095500448
37095700461, 37095600455
37095800465, 37095700461
37095900472, 37095800465
37096000418, 37095900472
37096100467, 37096000418
37096200475, 37096100467
37096300484, 37096200475
37096400491, 37096300484
37096500502, 37096400491
37096600523, 37096500502
37096700536, 37096600523
37096800565, 37096700536
37096900583, 37096800565
37097000560, 37096900583
37097100626, 37097000560
37097200693, 37097100626
37097300743, 37097200693
37097400766, 37097300743
37097500805, 37097400766
37097600838, 37097500805
37097700862, 37097600838
37097800871, 37097700862
37097900885, 37097800871
37098000828, 37097900885
37098100878, 37098000828
37098200869, 37098100878
37098300862, 37098200869
37098400852, 37098300862
37098500845, 37098400852
37098600842, 37098500845
37098700838, 37098600842
37098800852, 37098700838
37098900861, 37098800852
37099000828, 37098900861
37099100886, 37099000828
37099200918, 37099100886
37099300946, 37099200918
37099400998, 37099300946
37099501032, 37099400998
37099601058, 37099501032
37099701083, 37099601058
37099801102, 37099701083
37099901122, 37099801102
37100001083, 37099901122
37100101130, 37100001083
37100201132, 37100101130
37100301134, 37100201132
37100401130, 37100301134
37100501132, 37100401130
37100601129, 37100501132
37100701126, 37100601129
37100801128, 37100701126
37100901134, 37100801128
37101001070, 37100901134
37101101098, 37101001070
37101201092, 37101101098
37101301079, 37101201092
37101401072, 37101301079
37101501061, 37101401072
37101601048, 37101501061
37101701041, 37101601048
37101801027, 37101701041
37101901017, 37101801027
37102000937, 37101901017
37102100976, 37102000937
37102200974, 37102100976
37102300976, 37102200974
37102400975, 37102300976
37102500954, 37102400975
37102600951, 37102500954
37102700966, 37102600951
37102800945, 37102700966
37102900951, 37102800945
37103000902, 37102900951
37103100932, 37103000902
37103200934, 37103100932
37103300937, 37103200934
37103400950, 37103300937
37103500967, 37103400950
37103600976, 37103500967
37103700988, 37103600976
37103801001, 37103700988
37103901000, 37103801001
37104000951, 37103901000
37104100998, 37104000951
37104201007, 37104100998
37104301026, 37104201007
37104401047, 37104301026
37104501061, 37104401047
37104601081, 37104501061
37104701101, 37104601081
37104801118, 37104701101
37104901134, 37104801118
37105001105, 37104901134
37105101151, 37105001105
37105201168, 37105101151
37105301185, 37105201168
37105401211, 37105301185
37105501240, 37105401211
37105601260, 37105501240
37105701294, 37105601260
37105801328, 37105701294
37105901356, 37105801328
37106001337, 37105901356
37106101419, 37106001337
37106201444, 37106101419
37106301471, 37106201444
37106401464, 37106301471
37106501488, 37106401464
37106601467, 37106501488
37106701456, 37106601467
37106801430, 37106701456
37106901413, 37106801430
37107001308, 37106901413
37107101288, 37107001308
37107201252, 37107101288
37107301226, 37107201252
37107401198, 37107301226
37107501183, 37107401198
37107601172, 37107501183
37107701170, 37107601172
37107801172, 37107701170
37107901178, 37107801172
37108001112, 37107901178
37108101157, 37108001112
37108201178, 37108101157
37108301209, 37108201178
37108401244, 37108301209
37108501269, 37108401244
37108601293, 37108501269
37108701316, 37108601293
37108801321, 37108701316
37108901315, 37108801321
37109001262, 37108901315
37109101280, 37109001262
37109201276, 37109101280
37109301278, 37109201276
37109401283, 37109301278
37109501302, 37109401283
37109601316, 37109501302
37109701319, 37109601316
37109801322, 37109701319
37109901332, 37109801322
37110001267, 37109901332
37110101293, 37110001267
37110201314, 37110101293
37110301296, 37110201314
37110401298, 37110301296
37110501307, 37110401298
37110601317, 37110501307
37110701324, 37110601317
37110801327, 37110701324
37110901329, 37110801327
37111001264, 37110901329
37111101297, 37111001264
37111201284, 37111101297
37111301280, 37111201284
37111401260, 37111301280
37111501244, 37111401260
37111601231, 37111501244
37111701204, 37111601231
37111801187, 37111701204
37111901161, 37111801187
37112001070, 37111901161
37112101075, 37112001070
37112201046, 37112101075
37112301014, 37112201046
37112400988, 37112301014
37112500985, 37112400988
37112600954, 37112500985
37112700934, 37112600954
37112800916, 37112700934
37112900904, 37112800916
37113000826, 37112900904
37113100858, 37113000826
37113200840, 37113100858
37113300809, 37113200840
37113400818, 37113300809
37113500811, 37113400818
37113600803, 37113500811
37113700789, 37113600803
37113800779, 37113700789
37113900768, 37113800779
37114000706, 37113900768
37114100751, 37114000706
37114200753, 37114100751
37114300752, 37114200753
37114400754, 37114300752
37114500757, 37114400754
37114600755, 37114500757
37114700753, 37114600755
37114800760, 37114700753
37114900766, 37114800760
37115000697, 37114900766
37115100747, 37115000697
37115200754, 37115100747
37115300763, 37115200754
37115400771, 37115300763
37115500784, 37115400771
37115600803, 37115500784
37115700809, 37115600803
37115800824, 37115700809
37115900830, 37115800824
37116000792, 37115900830
37116100836, 37116000792
37116200849, 37116100836
37116300861, 37116200849
37116400863, 37116300861
37116500870, 37116400863
37116600868, 37116500870
37116700877, 37116600868
37116800891, 37116700877
37116900901, 37116800891
37117000849, 37116900901
37117100898, 37117000849
37117200920, 37117100898
37117300948, 37117200920
37117400985, 37117300948
37117501014, 37117400985
37117601050, 37117501014
37117701081, 37117601050
37117801104, 37117701081
37117901129, 37117801104
37118001104, 37117901129
37118101162, 37118001104
37118201184, 37118101162
37118301206, 37118201184
37118401224, 37118301206
37118501242, 37118401224
37118601244, 37118501242
37118701228, 37118601244
37118801236, 37118701228
37118901238, 37118801236
37119001195, 37118901238
37119101221, 37119001195
37119201244, 37119101221
37119301226, 37119201244
37119401241, 37119301226
37119501252, 37119401241
37119601273, 37119501252
37119701292, 37119601273
37119801303, 37119701292
37119901309, 37119801303
37120001251, 37119901309
37120101281, 37120001251
37120201287, 37120101281
37120301294, 37120201287
37120401296, 37120301294
37120501299, 37120401296
37120601292, 37120501299
37120701286, 37120601292
37120801280, 37120701286
37120901272, 37120801280
37121001192, 37120901272
37121101210, 37121001192
37121201216, 37121101210
37121301182, 37121201216
37121401167, 37121301182
37121501140, 37121401167
37121601114, 37121501140
37121701085, 37121601114
37121801049, 37121701085
37121901036, 37121801049
37122000948, 37121901036
37122100976, 37122000948
37122200963, 37122100976
37122300942, 37122200963
37122400936, 37122300942
37122500938, 37122400936
37122600944, 37122500938
37122700946, 37122600944
37122800952, 37122700946
37122900946, 37122800952
37123000890, 37122900946
37123100916, 37123000890
37123200938, 37123100916
37123300924, 37123200938
37123400932, 37123300924
37123500934, 37123400932
37123600944, 37123500934
37123700946, 37123600944
37123800946, 37123700946
37123900940, 37123800946
37124000890, 37123900940
37124100907, 37124000890
37124200897, 37124100907
37124300886, 37124200897
37124400866, 37124300886
37124500852, 37124400866
37124600839, 37124500852
37124700824, 37124600839
37124800817, 37124700824
37124900807, 37124800817
37125000722, 37124900807
37125100736, 37125000722
37125200727, 37125100736
37125300712, 37125200727
37125400712, 37125300712
37125500713, 37125400712
37125600708, 37125500713
37125700706, 37125600708
37125800705, 37125700706
37125900692, 37125800705
37126000636, 37125900692
37126100658, 37126000636
37126200652, 37126100658
37126300648, 37126200652
37126400645, 37126300648
37126500654, 37126400645
37126600660, 37126500654
37126700662, 37126600660
37126800648, 37126700662
37126900666, 37126800648
37127000602, 37126900666
37127100632, 37127000602
37127200632, 37127100632
37127300628, 37127200632
37127400634, 37127300628
37127500640, 37127400634
37127600643, 37127500640
37127700645, 37127600643
37127800652, 37127700645
37127900658, 37127800652
37128000597, 37127900658
37128100647, 37128000597
37128200646, 37128100647
37128300636, 37128200646
37128400665, 37128300636
37128500654, 37128400665
37128600663, 37128500654
37128700667, 37128600663
37128800674, 37128700667
37128900676, 37128800674
37129000623, 37128900676
37129100653, 37129000623
37129200657, 37129100653
37129300678, 37129200657
37129400684, 37129300678
37129500667, 37129400684
37129600690, 37129500667
37129700672, 37129600690
37129800674, 37129700672
37129900674, 37129800674
37130000606, 37129900674
37130100623, 37130000606
37130200624, 37130100623
37130300608, 37130200624
37130400575, 37130300608
37130500584, 37130400575
37130600572, 37130500584
37130700569, 37130600572
37130800558, 37130700569
37130900531, 37130800558
37131000478, 37130900531
37131100518, 37131000478
37131200508, 37131100518
37131300506, 37131200508
37131400503, 37131300506
37131500510, 37131400503
37131600504, 37131500510
37131700506, 37131600504
37131800509, 37131700506
37131900508, 37131800509
37132000444, 37131900508
37132100469, 37132000444
37132200487, 37132100469
37132300469, 37132200487
37132400476, 37132300469
37132500474, 37132400476
37132600481, 37132500474
37132700483, 37132600481
37132800482, 37132700483
37132900496, 37132800482
37133000439, 37132900496
37133100465, 37133000439
37133200467, 37133100465
37133300498, 37133200467
37133400473, 37133300498
37133500480, 37133400473
37133600478, 37133500480
37133700484, 37133600478
37133800487, 37133700484
37133900497, 37133800487
37134000436, 37133900497
37134100466, 37134000436
37134200485, 37134100466
37134300467, 37134200485
37134400474, 37134300467
37134500472, 37134400474
37134600478, 37134500472
37134700480, 37134600478
37134800475, 37134700480
37134900493, 37134800475
37135000428, 37134900493
37135100454, 37135000428
37135200456, 37135100454
37135300468, 37135200456
37135400466, 37135300468
37135500477, 37135400466
37135600483, 37135500477
37135700485, 37135600483
37135800494, 37135700485
37135900508, 37135800494
37136000427, 37135900508
37136100458, 37136000427
37136200457, 37136100458
37136300463, 37136200457
37136400470, 37136300463
37136500468, 37136400470
37136600475, 37136500468
37136700477, 37136600475
37136800476, 37136700477
37136900478, 37136800476
37137000436, 37136900478
37137100482, 37137000436
37137200484, 37137100482
37137300466, 37137200484
37137400488, 37137300466
37137500472, 37137400488
37137600478, 37137500472
37137700477, 37137600478
37137800484, 37137700477
37137900482, 37137800484
37138000432, 37137900482
37138100468, 37138000432
37138200481, 37138100468
37138300489, 37138200481
37138400504, 37138300489
37138500517, 37138400504
37138600531, 37138500517
37138700542, 37138600531
37138800552, 37138700542
37138900563, 37138800552
37139000508, 37138900563
37139100560, 37139000508
37139200569, 37139100560
37139300580, 37139200569
37139400591, 37139300580
37139500584, 37139400591
37139600599, 37139500584
37139700609, 37139600599
37139800622, 37139700609
37139900623, 37139800622
37140000584, 37139900623
37140100612, 37140000584
37140200618, 37140100612
37140300625, 37140200618
37140400639, 37140300625
37140500654, 37140400639
37140600656, 37140500654
37140700662, 37140600656
37140800669, 37140700662
37140900663, 37140800669
37141000598, 37140900663
37141100620, 37141000598
37141200617, 37141100620
37141300610, 37141200617
37141400599, 37141300610
37141500600, 37141400599
37141600596, 37141500600
37141700584, 37141600596
37141800582, 37141700584
37141900571, 37141800582
37142000506, 37141900571
37142100529, 37142000506
37142200529, 37142100529
37142300531, 37142200529
37142400538, 37142300531
37142500544, 37142400538
37142600547, 37142500544
37142700553, 37142600547
37142800560, 37142700553
37142900544, 37142800560
37143000502, 37142900544
37143100536, 37143000502
37143200530, 37143100536
37143300536, 37143200530
37143400538, 37143300536
37143500542, 37143400538
37143600548, 37143500542
37143700554, 37143600548
37143800556, 37143700554
37143900546, 37143800556
37144000502, 37143900546
37144100528, 37144000502
37144200530, 37144100528
37144300552, 37144200530
37144400544, 37144300552
37144500554, 37144400544
37144600562, 37144500554
37144700581, 37144600562
37144800591, 37144700581
37144900610, 37144800591
37145000548, 37144900610
37145100585, 37145000548
37145200609, 37145100585
37145300598, 37145200609
37145400601, 37145300598
37145500624, 37145400601
37145600626, 37145500624
37145700608, 37145600626
37145800631, 37145700608
37145900633, 37145800631
37146000568, 37145900633
37146100598, 37146000568
37146200601, 37146100598
37146300598, 37146200601
37146400607, 37146300598
37146500609, 37146400607
37146600608, 37146500609
37146700614, 37146600608
37146800620, 37146700614
37146900607, 37146800620
37147000560, 37146900607
37147100586, 37147000560
37147200608, 37147100586
37147300594, 37147200608
37147400604, 37147300594
37147500608, 37147400604
37147600620, 37147500608
37147700609, 37147600620
37147800620, 37147700609
37147900634, 37147800620
37148000581, 37147900634
37148100614, 37148000581
37148200624, 37148100614
37148300640, 37148200624
37148400626, 37148300640
37148500637, 37148400626
37148600647, 37148500637
37148700633, 37148600647
37148800648, 37148700633
37148900658, 37148800648
37149000593, 37148900658
37149100631, 37149000593
37149200634, 37149100631
37149300640, 37149200634
37149400627, 37149300640
37149500629, 37149400627
37149600640, 37149500629
37149700650, 37149600640
37149800653, 37149700650
37149900659, 37149800653
37150000594, 37149900659
37150100620, 37150000594
37150200626, 37150100620
37150300637, 37150200626
37150400643, 37150300637
37150500628, 37150400643
37150600633, 37150500628
37150700630, 37150600633
37150800641, 37150700630
37150900639, 37150800641
37151000568, 37150900639
37151100591, 37151000568
37151200599, 37151100591
37151300596, 37151200599
37151400600, 37151300596
37151500606, 37151400600
37151600585, 37151500606
37151700588, 37151600585
37151800591, 37151700588
37151900581, 37151800591
37152000532, 37151900581
37152100558, 37152000532
37152200564, 37152100558
37152300571, 37152200564
37152400577, 37152300571
37152500584, 37152400577
37152600570, 37152500584
37152700572, 37152600570
37152800583, 37152700572
37152900588, 37152800583
37153000528, 37152900588
37153100552, 37153000528
37153200556, 37153100552
37153300555, 37153200556
37153400558, 37153300555
37153500559, 37153400558
37153600559, 37153500559
37153700566, 37153600559
37153800544, 37153700566
37153900541, 37153800544
37154000490, 37153900541
37154100527, 37154000490
37154200528, 37154100527
37154300509, 37154200528
37154400513, 37154300509
37154500514, 37154400513
37154600523, 37154500514
37154700524, 37154600523
37154800506, 37154700524
37154900507, 37154800506
37155000454, 37154900507
37155100499, 37155000454
37155200477, 37155100499
37155300483, 37155200477
37155400490, 37155300483
37155500500, 37155400490
37155600507, 37155500500
37155700489, 37155600507
37155800496, 37155700489
37155900514, 37155800496
37156000445, 37155900514
37156100474, 37156000445
37156200467, 37156100474
37156300473, 37156200467
37156400483, 37156300473
37156500485, 37156400483
37156600468, 37156500485
37156700466, 37156600468
37156800481, 37156700466
37156900467, 37156800481
37157000422, 37156900467
37157100468, 37157000422
37157200451, 37157100468
37157300453, 37157200451
37157400468, 37157300453
37157500474, 37157400468
37157600481, 37157500474
37157700468, 37157600481
37157800481, 37157700468
37157900482, 37157800481
37158000434, 37157900482
37158100468, 37158000434
37158200470, 37158100468
37158300477, 37158200470
37158400491, 37158300477
37158500476, 37158400491
37158600485, 37158500476
37158700495, 37158600485
37158800482, 37158700495
37158900492, 37158800482
37159000432, 37158900492
37159100464, 37159000432
37159200470, 37159100464
37159300476, 37159200470
37159400466, 37159300476
37159500486, 37159400466
37159600494, 37159500486
37159700507, 37159600494
37159800504, 37159700507
37159900521, 37159800504
37160000471, 37159900521
37160100506, 37160000471
37160200518, 37160100506
37160300539, 37160200518
37160400562, 37160300539
37160500579, 37160400562
37160600584, 37160500579
37160700610, 37160600584
37160800633, 37160700610
37160900630, 37160800633
37161000592, 37160900630
37161100625, 37161000592
37161200632, 37161100625
37161300642, 37161200632
37161400649, 37161300642
37161500639, 37161400649
37161600650, 37161500639
37161700656, 37161600650
37161800640, 37161700656
37161900656, 37161800640
37162000580, 37161900656
37162100617, 37162000580
37162200594, 37162100617
37162300568, 37162200594
37162400568, 37162300568
37162500564, 37162400568
37162600568, 37162500564
37162700578, 37162600568
37162800562, 37162700578
37162900580, 37162800562
37163000514, 37162900580
37163100540, 37163000514
37163200548, 37163100540
37163300558, 37163200548
37163400564, 37163300558
37163500550, 37163400564
37163600560, 37163500550
37163700562, 37163600560
37163800573, 37163700562
37163900575, 37163800573
37164000514, 37163900575
37164100548, 37164000514
37164200554, 37164100548
37164300565, 37164200554
37164400551, 37164300565
37164500562, 37164400551
37164600572, 37164500562
37164700554, 37164600572
37164800562, 37164700554
37164900554, 37164800562
37165000502, 37164900554
37165100550, 37165000502
37165200526, 37165100550
37165300525, 37165200526
37165400524, 37165300525
37165500509, 37165400524
37165600514, 37165500509
37165700515, 37165600514
37165800522, 37165700515
37165900504, 37165800522
37166000454, 37165900504
37166100488, 37166000454
37166200494, 37166100488
37166300501, 37166200494
37166400491, 37166300501
37166500502, 37166400491
37166600508, 37166500502
37166700494, 37166600508
37166800509, 37166700494
37166900503, 37166800509
37167000450, 37166900503
37167100476, 37167000450
37167200482, 37167100476
37167300497, 37167200482
37167400503, 37167300497
37167500494, 37167400503
37167600500, 37167500494
37167700500, 37167600500
37167800482, 37167700500
37167900480, 37167800482
37168000435, 37167900480
37168100469, 37168000435
37168200476, 37168100469
37168300482, 37168200476
37168400473, 37168300482
37168500484, 37168400473
37168600490, 37168500484
37168700476, 37168600490
37168800487, 37168700476
37168900481, 37168800487
37169000436, 37168900481
37169100466, 37169000436
37169200468, 37169100466
37169300483, 37169200468
37169400493, 37169300483
37169500476, 37169400493
37169600490, 37169500476
37169700476, 37169600490
37169800487, 37169700476
37169900481, 37169800487
37170000435, 37169900481
37170100481, 37170000435
37170200460, 37170100481
37170300466, 37170200460
37170400477, 37170300466
37170500467, 37170400477
37170600474, 37170500467
37170700484, 37170600474
37170800475, 37170700484
37170900500, 37170800475
37171000436, 37170900500
37171100475, 37171000436
37171200477, 37171100475
37171300468, 37171200477
37171400482, 37171300468
37171500498, 37171400482
37171600491, 37171500498
37171700508, 37171600491
37171800520, 37171700508
37171900531, 37171800520
37172000476, 37171900531
37172100508, 37172000476
37172200520, 37172100508
37172300535, 37172200520
37172400526, 37172300535
37172500541, 37172400526
37172600552, 37172500541
37172700543, 37172600552
37172800554, 37172700543
37172900548, 37172800554
37173000503, 37172900548
37173100537, 37173000503
37173200535, 37173100537
37173300546, 37173200535
37173400556, 37173300546
37173500539, 37173400556
37173600553, 37173500539
37173700563, 37173600553
37173800550, 37173700563
37173900552, 37173800550
37174000502, 37173900552
37174100528, 37174000502
37174200536, 37174100528
37174300550, 37174200536
37174400559, 37174300550
37174500548, 37174400559
37174600565, 37174500548
37174700552, 37174600565
37174800576, 37174700552
37174900579, 37174800576
37175000543, 37174900579
37175100588, 37175000543
37175200598, 37175100588
37175300620, 37175200598
37175400646, 37175300620
37175500670, 37175400646
37175600702, 37175500670
37175700709, 37175600702
37175800732, 37175700709
37175900764, 37175800732
37176000722, 37175900764
37176100768, 37176000722
37176200798, 37176100768
37176300830, 37176200798
37176400859, 37176300830
37176500889, 37176400859
37176600898, 37176500889
37176700925, 37176600898
37176800962, 37176700925
37176900997, 37176800962
37177000965, 37176900997
37177101029, 37177000965
37177201065, 37177101029
37177301098, 37177201065
37177401104, 37177301098
37177501128, 37177401104
37177601156, 37177501128
37177701166, 37177601156
37177801194, 37177701166
37177901231, 37177801194
37178001187, 37177901231
37178101248, 37178001187
37178201268, 37178101248
37178301293, 37178201268
37178401316, 37178301293
37178501316, 37178401316
37178601346, 37178501316
37178701364, 37178601346
37178801393, 37178701364
37178901391, 37178801393
37179001346, 37178901391
37179101372, 37179001346
37179201378, 37179101372
37179301377, 37179201378
37179401376, 37179301377
37179501368, 37179401376
37179601349, 37179501368
37179701327, 37179601349
37179801310, 37179701327
37179901276, 37179801310
37180001182, 37179901276
37180101198, 37180001182
37180201146, 37180101198
37180301112, 37180201146
37180401070, 37180301112
37180501032, 37180401070
37180600978, 37180501032
37180700952, 37180600978
37180800940, 37180700952
37180900921, 37180800940
37181000842, 37180900921
37181100857, 37181000842
37181200859, 37181100857
37181300859, 37181200859
37181400864, 37181300859
37181500862, 37181400864
37181600833, 37181500862
37181700828, 37181600833
37181800820, 37181700828
37181900801, 37181800820
37182000714, 37181900801
37182100724, 37182000714
37182200708, 37182100724
37182300707, 37182200708
37182400711, 37182300707
37182500681, 37182400711
37182600680, 37182500681
37182700675, 37182600680
37182800677, 37182700675
37182900651, 37182800677
37183000598, 37182900651
37183100619, 37183000598
37183200621, 37183100619
37183300625, 37183200621
37183400630, 37183300625
37183500608, 37183400630
37183600608, 37183500608
37183700614, 37183600608
37183800625, 37183700614
37183900627, 37183800625
37184000566, 37183900627
37184100600, 37184000566
37184200604, 37184100600
37184300614, 37184200604
37184400604, 37184300614
37184500611, 37184400604
37184600621, 37184500611
37184700631, 37184600621
37184800634, 37184700631
37184900628, 37184800634
37185000567, 37184900628
37185100597, 37185000567
37185200608, 37185100597
37185300620, 37185200608
37185400643, 37185300620
37185500645, 37185400643
37185600673, 37185500645
37185700712, 37185600673
37185800756, 37185700712
37185900775, 37185800756
