# from_timestamp_us, to_timestamp_us
37089500463, 37089600461
37089600461, 37089700459
37089700459, 37089800462
37089800462, 37089900456
37089900456, 37090000407
37090000407, 37090100433
37090100433, 37090200435
37090200435, 37090300458
37090300458, 37090400440
37090400440, 37090500443
37090500443, 37090600465
37090600465, 37090700467
37090700467, 37090800450
37090800450, 37090900452
37090900452, 37091000407
37091000407, 37091100434
37091100434, 37091200453
37091200453, 37091300456
37091300456, 37091400464
37091400464, 37091500462
37091500462, 37091600468
37091600468, 37091700470
37091700470, 37091800466
37091800466, 37091900476
37091900476, 37092000410
37092000410, 37092100440
37092100440, 37092200438
37092200438, 37092300462
37092300462, 37092400444
37092400444, 37092500449
37092500449, 37092600444
37092600444, 37092700446
37092700446, 37092800451
37092800451, 37092900449
37092900449, 37093000394
37093000394, 37093100423
37093100423, 37093200420
37093200420, 37093300422
37093300422, 37093400428
37093400428, 37093500426
37093500426, 37093600434
37093600434, 37093700436
37093700436, 37093800438
37093800438, 37093900436
37093900436, 37094000392
37094000392, 37094100442
37094100442, 37094200440
37094200440, 37094300446
37094300446, 37094400444
37094400444, 37094500448
37094500448, 37094600447
37094600447, 37094700453
37094700453, 37094800440
37094800440, 37094900454
37094900454, 37095000393
37095000393, 37095100419
37095100419, 37095200441
37095200441, 37095300444
37095300444, 37095400446
37095400446, 37095500448
37095500448, 37095600455
37095600455, 37095700461
37095700461, 37095800465
37095800465, 37095900472
37095900472, 37096000418
37096000418, 37096100467
37096100467, 37096200475
37096200475, 37096300484
37096300484, 37096400491
37096400491, 37096500502
37096500502, 37096600523
37096600523, 37096700536
37096700536, 37096800565
37096800565, 37096900583
37096900583, 37097000560
37097000560, 37097100626
37097100626, 37097200693
37097200693, 37097300743
37097300743, 37097400766
37097400766, 37097500805
37097500805, 37097600838
37097600838, 37097700862
37097700862, 37097800871
37097800871, 37097900885
37097900885, 37098000828
37098000828, 37098100878
37098100878, 37098200869
37098200869, 37098300862
37098300862, 37098400852
37098400852, 37098500845
37098500845, 37098600842
37098600842, 37098700838
37098700838, 37098800852
37098800852, 37098900861
37098900861, 37099000828
37099000828, 37099100886
37099100886, 37099200918
37099200918, 37099300946
37099300946, 37099400998
37099400998, 37099501032
37099501032, 37099601058
37099601058, 37099701083
37099701083, 37099801102
37099801102, 37099901122
37099901122, 37100001083
37100001083, 37100101130
37100101130, 37100201132
37100201132, 37100301134
37100301134, 37100401130
37100401130, 37100501132
37100501132, 37100601129
37100601129, 37100701126
37100701126, 37100801128
37100801128, 37100901134
37100901134, 37101001070
37101001070, 37101101098
37101101098, 37101201092
37101201092, 37101301079
37101301079, 37101401072
37101401072, 37101501061
37101501061, 37101601048
37101601048, 37101701041
37101701041, 37101801027
37101801027, 37101901017
37101901017, 37102000937
37102000937, 37102100976
37102100976, 37102200974
37102200974, 37102300976
37102300976, 37102400975
37102400975, 37102500954
37102500954, 37102600951
37102600951, 37102700966
37102700966, 37102800945
37102800945, 37102900951
37102900951, 37103000902
37103000902, 37103100932
37103100932, 37103200934
37103200934, 37103300937
37103300937, 37103400950
37103400950, 37103500967
37103500967, 37103600976
37103600976, 37103700988
37103700988, 37103801001
37103801001, 37103901000
37103901000, 37104000951
37104000951, 37104100998
37104100998, 37104201007
37104201007, 37104301026
37104301026, 37104401047
37104401047, 37104501061
37104501061, 37104601081
37104601081, 37104701101
37104701101, 37104801118
37104801118, 37104901134
37104901134, 37105001105
37105001105, 37105101151
37105101151, 37105201168
37105201168, 37105301185
37105301185, 37105401211
37105401211, 37105501240
37105501240, 37105601260
37105601260, 37105701294
37105701294, 37105801328
37105801328, 37105901356
37105901356, 37106001337
37106001337, 37106101419
37106101419, 37106201444
37106201444, 37106301471
37106301471, 37106401464
37106401464, 37106501488
37106501488, 37106601467
37106601467, 37106701456
37106701456, 37106801430
37106801430, 37106901413
37106901413, 37107001308
37107001308, 37107101288
37107101288, 37107201252
37107201252, 37107301226
37107301226, 37107401198
37107401198, 37107501183
37107501183, 37107601172
37107601172, 37107701170
37107701170, 37107801172
37107801172, 37107901178
37107901178, 37108001112
37108001112, 37108101157
37108101157, 37108201178
37108201178, 37108301209
37108301209, 37108401244
37108401244, 37108501269
37108501269, 37108601293
37108601293, 37108701316
37108701316, 37108801321
37108801321, 37108901315
37108901315, 37109001262
37109001262, 37109101280
37109101280, 37109201276
37109201276, 37109301278
37109301278, 37109401283
37109401283, 37109501302
37109501302, 37109601316
37109601316, 37109701319
37109701319, 37109801322
37109801322, 37109901332
37109901332, 37110001267
37110001267, 37110101293
37110101293, 37110201314
37110201314, 37110301296
37110301296, 37110401298
37110401298, 37110501307
37110501307, 37110601317
37110601317, 37110701324
37110701324, 37110801327
37110801327, 37110901329
37110901329, 37111001264
37111001264, 37111101297
37111101297, 37111201284
37111201284, 37111301280
37111301280, 37111401260
37111401260, 37111501244
37111501244, 37111601231
37111601231, 37111701204
37111701204, 37111801187
37111801187, 37111901161
37111901161, 37112001070
37112001070, 37112101075
37112101075, 37112201046
37112201046, 37112301014
37112301014, 37112400988
37112400988, 37112500985
37112500985, 37112600954
37112600954, 37112700934
37112700934, 37112800916
37112800916, 37112900904
37112900904, 37113000826
37113000826, 37113100858
37113100858, 37113200840
37113200840, 37113300809
37113300809, 37113400818
37113400818, 37113500811
37113500811, 37113600803
37113600803, 37113700789
37113700789, 37113800779
37113800779, 37113900768
37113900768, 37114000706
37114000706, 37114100751
37114100751, 37114200753
37114200753, 37114300752
37114300752, 37114400754
37114400754, 37114500757
37114500757, 37114600755
37114600755, 37114700753
37114700753, 37114800760
37114800760, 37114900766
37114900766, 37115000697
37115000697, 37115100747
37115100747, 37115200754
37115200754, 37115300763
37115300763, 37115400771
37115400771, 37115500784
37115500784, 37115600803
37115600803, 37115700809
37115700809, 37115800824
37115800824, 37115900830
37115900830, 37116000792
37116000792, 37116100836
37116100836, 37116200849
37116200849, 37116300861
37116300861, 37116400863
37116400863, 37116500870
37116500870, 37116600868
37116600868, 37116700877
37116700877, 37116800891
37116800891, 37116900901
37116900901, 37117000849
37117000849, 37117100898
37117100898, 37117200920
37117200920, 37117300948
37117300948, 37117400985
37117400985, 37117501014
37117501014, 37117601050
37117601050, 37117701081
37117701081, 37117801104
37117801104, 37117901129
37117901129, 37118001104
37118001104, 37118101162
37118101162, 37118201184
37118201184, 37118301206
37118301206, 37118401224
37118401224, 37118501242
37118501242, 37118601244
37118601244, 37118701228
37118701228, 37118801236
37118801236, 37118901238
37118901238, 37119001195
37119001195, 37119101221
37119101221, 37119201244
37119201244, 37119301226
37119301226, 37119401241
37119401241, 37119501252
37119501252, 37119601273
37119601273, 37119701292
37119701292, 37119801303
37119801303, 37119901309
37119901309, 37120001251
37120001251, 37120101281
37120101281, 37120201287
37120201287, 37120301294
37120301294, 37120401296
37120401296, 37120501299
37120501299, 37120601292
37120601292, 37120701286
37120701286, 37120801280
37120801280, 37120901272
37120901272, 37121001192
37121001192, 37121101210
37121101210, 37121201216
37121201216, 37121301182
37121301182, 37121401167
37121401167, 37121501140
37121501140, 37121601114
37121601114, 37121701085
37121701085, 37121801049
37121801049, 37121901036
37121901036, 37122000948
37122000948, 37122100976
37122100976, 37122200963
37122200963, 37122300942
37122300942, 37122400936
37122400936, 37122500938
37122500938, 37122600944
37122600944, 37122700946
37122700946, 37122800952
37122800952, 37122900946
37122900946, 37123000890
37123000890, 37123100916
37123100916, 37123200938
37123200938, 37123300924
37123300924, 37123400932
37123400932, 37123500934
37123500934, 37123600944
37123600944, 37123700946
37123700946, 37123800946
37123800946, 37123900940
37123900940, 37124000890
37124000890, 37124100907
37124100907, 37124200897
37124200897, 37124300886
37124300886, 37124400866
37124400866, 37124500852
37124500852, 37124600839
37124600839, 37124700824
37124700824, 37124800817
37124800817, 37124900807
37124900807, 37125000722
37125000722, 37125100736
37125100736, 37125200727
37125200727, 37125300712
37125300712, 37125400712
37125400712, 37125500713
37125500713, 37125600708
37125600708, 37125700706
37125700706, 37125800705
37125800705, 37125900692
37125900692, 37126000636
37126000636, 37126100658
37126100658, 37126200652
37126200652, 37126300648
37126300648, 37126400645
37126400645, 37126500654
37126500654, 37126600660
37126600660, 37126700662
37126700662, 37126800648
37126800648, 37126900666
37126900666, 37127000602
37127000602, 37127100632
37127100632, 37127200632
37127200632, 37127300628
37127300628, 37127400634
37127400634, 37127500640
37127500640, 37127600643
37127600643, 37127700645
37127700645, 37127800652
37127800652, 37127900658
37127900658, 37128000597
37128000597, 37128100647
37128100647, 37128200646
37128200646, 37128300636
37128300636, 37128400665
37128400665, 37128500654
37128500654, 37128600663
37128600663, 37128700667
37128700667, 37128800674
37128800674, 37128900676
37128900676, 37129000623
37129000623, 37129100653
37129100653, 37129200657
37129200657, 37129300678
37129300678, 37129400684
37129400684, 37129500667
37129500667, 37129600690
37129600690, 37129700672
37129700672, 37129800674
37129800674, 37129900674
37129900674, 37130000606
37130000606, 37130100623
37130100623, 37130200624
37130200624, 37130300608
37130300608, 37130400575
37130400575, 37130500584
37130500584, 37130600572
37130600572, 37130700569
37130700569, 37130800558
37130800558, 37130900531
37130900531, 37131000478
37131000478, 37131100518
37131100518, 37131200508
37131200508, 37131300506
37131300506, 37131400503
37131400503, 37131500510
37131500510, 37131600504
37131600504, 37131700506
37131700506, 37131800509
37131800509, 37131900508
37131900508, 37132000444
37132000444, 37132100469
37132100469, 37132200487
37132200487, 37132300469
37132300469, 37132400476
37132400476, 37132500474
37132500474, 37132600481
37132600481, 37132700483
37132700483, 37132800482
37132800482, 37132900496
37132900496, 37133000439
37133000439, 37133100465
37133100465, 37133200467
37133200467, 37133300498
37133300498, 37133400473
37133400473, 37133500480
37133500480, 37133600478
37133600478, 37133700484
37133700484, 37133800487
37133800487, 37133900497
37133900497, 37134000436
37134000436, 37134100466
37134100466, 37134200485
37134200485, 37134300467
37134300467, 37134400474
37134400474, 37134500472
37134500472, 37134600478
37134600478, 37134700480
37134700480, 37134800475
37134800475, 37134900493
37134900493, 37135000428
37135000428, 37135100454
37135100454, 37135200456
37135200456, 37135300468
37135300468, 37135400466
37135400466, 37135500477
37135500477, 37135600483
37135600483, 37135700485
37135700485, 37135800494
37135800494, 37135900508
37135900508, 37136000427
37136000427, 37136100458
37136100458, 37136200457
37136200457, 37136300463
37136300463, 37136400470
37136400470, 37136500468
37136500468, 37136600475
37136600475, 37136700477
37136700477, 37136800476
37136800476, 37136900478
37136900478, 37137000436
37137000436, 37137100482
37137100482, 37137200484
37137200484, 37137300466
37137300466, 37137400488
37137400488, 37137500472
37137500472, 37137600478
37137600478, 37137700477
37137700477, 37137800484
37137800484, 37137900482
37137900482, 37138000432
37138000432, 37138100468
37138100468, 37138200481
37138200481, 37138300489
37138300489, 37138400504
37138400504, 37138500517
37138500517, 37138600531
37138600531, 37138700542
37138700542, 37138800552
37138800552, 37138900563
37138900563, 37139000508
37139000508, 37139100560
37139100560, 37139200569
37139200569, 37139300580
37139300580, 37139400591
37139400591, 37139500584
37139500584, 37139600599
37139600599, 37139700609
37139700609, 37139800622
37139800622, 37139900623
37139900623, 37140000584
37140000584, 37140100612
37140100612, 37140200618
37140200618, 37140300625
37140300625, 37140400639
37140400639, 37140500654
37140500654, 37140600656
37140600656, 37140700662
37140700662, 37140800669
37140800669, 37140900663
37140900663, 37141000598
37141000598, 37141100620
37141100620, 37141200617
37141200617, 37141300610
37141300610, 37141400599
37141400599, 37141500600
37141500600, 37141600596
37141600596, 37141700584
37141700584, 37141800582
37141800582, 37141900571
37141900571, 37142000506
37142000506, 37142100529
37142100529, 37142200529
37142200529, 37142300531
37142300531, 37142400538
37142400538, 37142500544
37142500544, 37142600547
37142600547, 37142700553
37142700553, 37142800560
37142800560, 37142900544
37142900544, 37143000502
37143000502, 37143100536
37143100536, 37143200530
37143200530, 37143300536
37143300536, 37143400538
37143400538, 37143500542
37143500542, 37143600548
37143600548, 37143700554
37143700554, 37143800556
37143800556, 37143900546
37143900546, 37144000502
37144000502, 37144100528
37144100528, 37144200530
37144200530, 37144300552
37144300552, 37144400544
37144400544, 37144500554
37144500554, 37144600562
37144600562, 37144700581
37144700581, 37144800591
37144800591, 37144900610
37144900610, 37145000548
37145000548, 37145100585
37145100585, 37145200609
37145200609, 37145300598
37145300598, 37145400601
37145400601, 37145500624
37145500624, 37145600626
37145600626, 37145700608
37145700608, 37145800631
37145800631, 37145900633
37145900633, 37146000568
37146000568, 37146100598
37146100598, 37146200601
37146200601, 37146300598
37146300598, 37146400607
37146400607, 37146500609
37146500609, 37146600608
37146600608, 37146700614
37146700614, 37146800620
37146800620, 37146900607
37146900607, 37147000560
37147000560, 37147100586
37147100586, 37147200608
37147200608, 37147300594
37147300594, 37147400604
37147400604, 37147500608
37147500608, 37147600620
37147600620, 37147700609
37147700609, 37147800620
37147800620, 37147900634
37147900634, 37148000581
37148000581, 37148100614
37148100614, 37148200624
37148200624, 37148300640
37148300640, 37148400626
37148400626, 37148500637
37148500637, 37148600647
37148600647, 37148700633
37148700633, 37148800648
37148800648, 37148900658
37148900658, 37149000593
37149000593, 37149100631
37149100631, 37149200634
37149200634, 37149300640
37149300640, 37149400627
37149400627, 37149500629
37149500629, 37149600640
37149600640, 37149700650
37149700650, 37149800653
37149800653, 37149900659
37149900659, 37150000594
37150000594, 37150100620
37150100620, 37150200626
37150200626, 37150300637
37150300637, 37150400643
37150400643, 37150500628
37150500628, 37150600633
37150600633, 37150700630
37150700630, 37150800641
37150800641, 37150900639
37150900639, 37151000568
37151000568, 37151100591
37151100591, 37151200599
37151200599, 37151300596
37151300596, 37151400600
37151400600, 37151500606
37151500606, 37151600585
37151600585, 37151700588
37151700588, 37151800591
37151800591, 37151900581
37151900581, 37152000532
37152000532, 37152100558
37152100558, 37152200564
37152200564, 37152300571
37152300571, 37152400577
37152400577, 37152500584
37152500584, 37152600570
37152600570, 37152700572
37152700572, 37152800583
37152800583, 37152900588
37152900588, 37153000528
37153000528, 37153100552
37153100552, 37153200556
37153200556, 37153300555
37153300555, 37153400558
37153400558, 37153500559
37153500559, 37153600559
37153600559, 37153700566
37153700566, 37153800544
37153800544, 37153900541
37153900541, 37154000490
37154000490, 37154100527
37154100527, 37154200528
37154200528, 37154300509
37154300509, 37154400513
37154400513, 37154500514
37154500514, 37154600523
37154600523, 37154700524
37154700524, 37154800506
37154800506, 37154900507
37154900507, 37155000454
37155000454, 37155100499
37155100499, 37155200477
37155200477, 37155300483
37155300483, 37155400490
37155400490, 37155500500
37155500500, 37155600507
37155600507, 37155700489
37155700489, 37155800496
37155800496, 37155900514
37155900514, 37156000445
37156000445, 37156100474
37156100474, 37156200467
37156200467, 37156300473
37156300473, 37156400483
37156400483, 37156500485
37156500485, 37156600468
37156600468, 37156700466
37156700466, 37156800481
37156800481, 37156900467
37156900467, 37157000422
37157000422, 37157100468
37157100468, 37157200451
37157200451, 37157300453
37157300453, 37157400468
37157400468, 37157500474
37157500474, 37157600481
37157600481, 37157700468
37157700468, 37157800481
37157800481, 37157900482
37157900482, 37158000434
37158000434, 37158100468
37158100468, 37158200470
37158200470, 37158300477
37158300477, 37158400491
37158400491, 37158500476
37158500476, 37158600485
37158600485, 37158700495
37158700495, 37158800482
37158800482, 37158900492
37158900492, 37159000432
37159000432, 37159100464
37159100464, 37159200470
37159200470, 37159300476
37159300476, 37159400466
37159400466, 37159500486
37159500486, 37159600494
37159600494, 37159700507
37159700507, 37159800504
37159800504, 37159900521
37159900521, 37160000471
37160000471, 37160100506
37160100506, 37160200518
37160200518, 37160300539
37160300539, 37160400562
37160400562, 37160500579
37160500579, 37160600584
37160600584, 37160700610
37160700610, 37160800633
37160800633, 37160900630
37160900630, 37161000592
37161000592, 37161100625
37161100625, 37161200632
37161200632, 37161300642
37161300642, 37161400649
37161400649, 37161500639
37161500639, 37161600650
37161600650, 37161700656
37161700656, 37161800640
37161800640, 37161900656
37161900656, 37162000580
37162000580, 37162100617
37162100617, 37162200594
37162200594, 37162300568
37162300568, 37162400568
37162400568, 37162500564
37162500564, 37162600568
37162600568, 37162700578
37162700578, 37162800562
37162800562, 37162900580
37162900580, 37163000514
37163000514, 37163100540
37163100540, 37163200548
37163200548, 37163300558
37163300558, 37163400564
37163400564, 37163500550
37163500550, 37163600560
37163600560, 37163700562
37163700562, 37163800573
37163800573, 37163900575
37163900575, 37164000514
37164000514, 37164100548
37164100548, 37164200554
37164200554, 37164300565
37164300565, 37164400551
37164400551, 37164500562
37164500562, 37164600572
37164600572, 37164700554
37164700554, 37164800562
37164800562, 37164900554
37164900554, 37165000502
37165000502, 37165100550
37165100550, 37165200526
37165200526, 37165300525
37165300525, 37165400524
37165400524, 37165500509
37165500509, 37165600514
37165600514, 37165700515
37165700515, 37165800522
37165800522, 37165900504
37165900504, 37166000454
37166000454, 37166100488
37166100488, 37166200494
37166200494, 37166300501
37166300501, 37166400491
37166400491, 37166500502
37166500502, 37166600508
37166600508, 37166700494
37166700494, 37166800509
37166800509, 37166900503
37166900503, 37167000450
37167000450, 37167100476
37167100476, 37167200482
37167200482, 37167300497
37167300497, 37167400503
37167400503, 37167500494
37167500494, 37167600500
37167600500, 37167700500
37167700500, 37167800482
37167800482, 37167900480
37167900480, 37168000435
37168000435, 37168100469
37168100469, 37168200476
37168200476, 37168300482
37168300482, 37168400473
37168400473, 37168500484
37168500484, 37168600490
37168600490, 37168700476
37168700476, 37168800487
37168800487, 37168900481
37168900481, 37169000436
37169000436, 37169100466
37169100466, 37169200468
37169200468, 37169300483
37169300483, 37169400493
37169400493, 37169500476
37169500476, 37169600490
37169600490, 37169700476
37169700476, 37169800487
37169800487, 37169900481
37169900481, 37170000435
37170000435, 37170100481
37170100481, 37170200460
37170200460, 37170300466
37170300466, 37170400477
37170400477, 37170500467
37170500467, 37170600474
37170600474, 37170700484
37170700484, 37170800475
37170800475, 37170900500
37170900500, 37171000436
37171000436, 37171100475
37171100475, 37171200477
37171200477, 37171300468
37171300468, 37171400482
37171400482, 37171500498
37171500498, 37171600491
37171600491, 37171700508
37171700508, 37171800520
37171800520, 37171900531
37171900531, 37172000476
37172000476, 37172100508
37172100508, 37172200520
37172200520, 37172300535
37172300535, 37172400526
37172400526, 37172500541
37172500541, 37172600552
37172600552, 37172700543
37172700543, 37172800554
37172800554, 37172900548
37172900548, 37173000503
37173000503, 37173100537
37173100537, 37173200535
37173200535, 37173300546
37173300546, 37173400556
37173400556, 37173500539
37173500539, 37173600553
37173600553, 37173700563
37173700563, 37173800550
37173800550, 37173900552
37173900552, 37174000502
37174000502, 37174100528
37174100528, 37174200536
37174200536, 37174300550
37174300550, 37174400559
37174400559, 37174500548
37174500548, 37174600565
37174600565, 37174700552
37174700552, 37174800576
37174800576, 37174900579
37174900579, 37175000543
37175000543, 37175100588
37175100588, 37175200598
37175200598, 37175300620
37175300620, 37175400646
37175400646, 37175500670
37175500670, 37175600702
37175600702, 37175700709
37175700709, 37175800732
37175800732, 37175900764
37175900764, 37176000722
37176000722, 37176100768
37176100768, 37176200798
37176200798, 37176300830
37176300830, 37176400859
37176400859, 37176500889
37176500889, 37176600898
37176600898, 37176700925
37176700925, 37176800962
37176800962, 37176900997
37176900997, 37177000965
37177000965, 37177101029
37177101029, 37177201065
37177201065, 37177301098
37177301098, 37177401104
37177401104, 37177501128
37177501128, 37177601156
37177601156, 37177701166
37177701166, 37177801194
37177801194, 37177901231
37177901231, 37178001187
37178001187, 37178101248
37178101248, 37178201268
37178201268, 37178301293
37178301293, 37178401316
37178401316, 37178501316
37178501316, 37178601346
37178601346, 37178701364
37178701364, 37178801393
37178801393, 37178901391
37178901391, 37179001346
37179001346, 37179101372
37179101372, 37179201378
37179201378, 37179301377
37179301377, 37179401376
37179401376, 37179501368
37179501368, 37179601349
37179601349, 37179701327
37179701327, 37179801310
37179801310, 37179901276
37179901276, 37180001182
37180001182, 37180101198
37180101198, 37180201146
37180201146, 37180301112
37180301112, 37180401070
37180401070, 37180501032
37180501032, 37180600978
37180600978, 37180700952
37180700952, 37180800940
37180800940, 37180900921
37180900921, 37181000842
37181000842, 37181100857
37181100857, 37181200859
37181200859, 37181300859
37181300859, 37181400864
37181400864, 37181500862
37181500862, 37181600833
37181600833, 37181700828
37181700828, 37181800820
37181800820, 37181900801
37181900801, 37182000714
37182000714, 37182100724
37182100724, 37182200708
37182200708, 37182300707
37182300707, 37182400711
37182400711, 37182500681
37182500681, 37182600680
37182600680, 37182700675
37182700675, 37182800677
37182800677, 37182900651
37182900651, 37183000598
37183000598, 37183100619
37183100619, 37183200621
37183200621, 37183300625
37183300625, 37183400630
37183400630, 37183500608
37183500608, 37183600608
37183600608, 37183700614
37183700614, 37183800625
37183800625, 37183900627
37183900627, 37184000566
37184000566, 37184100600
37184100600, 37184200604
37184200604, 37184300614
37184300614, 37184400604
37184400604, 37184500611
37184500611, 37184600621
37184600621, 37184700631
37184700631, 37184800634
37184800634, 37184900628
37184900628, 37185000567
37185000567, 37185100597
37185100597, 37185200608
37185200608, 37185300620
37185300620, 37185400643
37185400643, 37185500645
37185500645, 37185600673
37185600673, 37185700712
37185700712, 37185800756
37185800756, 37185900775
37185900775, 37186000746
