# from_timestamp_us, to_timestamp_us
37186600823, 37186500817
37186700809, 37186600823
37186800809, 37186700809
37186900815, 37186800809
37187000737, 37186900815
37187100770, 37187000737
37187200739, 37187100770
37187300736, 37187200739
37187400729, 37187300736
37187500703, 37187400729
37187600702, 37187500703
37187700691, 37187600702
37187800662, 37187700691
37187900674, 37187800662
37188000596, 37187900674
37188100626, 37188000596
37188200624, 37188100626
37188300639, 37188200624
37188400649, 37188300639
37188500632, 37188400649
37188600642, 37188500632
37188700656, 37188600642
37188800659, 37188700656
37188900649, 37188800659
37189000590, 37188900649
37189100610, 37189000590
37189200612, 37189100610
37189300590, 37189200612
37189400583, 37189300590
37189500581, 37189400583
37189600564, 37189500581
37189700566, 37189600564
37189800577, 37189700566
37189900570, 37189800577
37190000529, 37189900570
37190100570, 37190000529
37190200585, 37190100570
37190300596, 37190200585
37190400590, 37190300596
37190500597, 37190400590
37190600611, 37190500597
37190700601, 37190600611
37190800608, 37190700601
37190900606, 37190800608
37191000557, 37190900606
37191100599, 37191000557
37191200602, 37191100599
37191300591, 37191200602
37191400598, 37191300591
37191500616, 37191400598
37191600630, 37191500616
37191700632, 37191600630
37191800618, 37191700632
37191900636, 37191800618
37192000568, 37191900636
37192100602, 37192000568
37192200608, 37192100602
37192300614, 37192200608
37192400604, 37192300614
37192500616, 37192400604
37192600622, 37192500616
37192700612, 37192600622
37192800622, 37192700612
37192900632, 37192800622
37193000568, 37192900632
37193100618, 37193000568
37193200600, 37193100618
37193300614, 37193200600
37193400618, 37193300614
37193500608, 37193400618
37193600622, 37193500608
37193700624, 37193600622
37193800613, 37193700624
37193900615, 37193800613
37194000566, 37193900615
37194100596, 37194000566
37194200606, 37194100596
37194300617, 37194200606
37194400631, 37194300617
37194500618, 37194400631
37194600620, 37194500618
37194700630, 37194600620
37194800617, 37194700630
37194900628, 37194800617
37195000563, 37194900628
37195100597, 37195000563
37195200590, 37195100597
37195300599, 37195200590
37195400601, 37195300599
37195500578, 37195400601
37195600580, 37195500578
37195700581, 37195600580
37195800564, 37195700581
37195900584, 37195800564
37196000518, 37195900584
37196100552, 37196000518
37196200558, 37196100552
37196300563, 37196200558
37196400549, 37196300563
37196500554, 37196400549
37196600544, 37196500554
37196700521, 37196600544
37196800524, 37196700521
37196900512, 37196800524
37197000449, 37196900512
37197100480, 37197000449
37197200488, 37197100480
37197300498, 37197200488
37197400488, 37197300498
37197500498, 37197400488
37197600490, 37197500498
37197700503, 37197600490
37197800517, 37197700503
37197900520, 37197800517
37198000477, 37197900520
37198100520, 37198000477
37198200536, 37198100520
37198300554, 37198200536
37198400554, 37198300554
37198500577, 37198400554
37198600595, 37198500577
37198700597, 37198600595
37198800625, 37198700597
37198900634, 37198800625
37199000581, 37198900634
37199100622, 37199000581
37199200640, 37199100622
37199300662, 37199200640
37199400656, 37199300662
37199500673, 37199400656
37199600670, 37199500673
37199700678, 37199600670
37199800692, 37199700678
37199900686, 37199800692
37200000646, 37199900686
37200100686, 37200000646
37200200709, 37200100686
37200300736, 37200200709
37200400735, 37200300736
37200500745, 37200400735
37200600754, 37200500745
37200700736, 37200600754
37200800745, 37200700736
37200900734, 37200800745
37201000676, 37200900734
37201100704, 37201000676
37201200706, 37201100704
37201300720, 37201200706
37201400711, 37201300720
37201500728, 37201400711
37201600756, 37201500728
37201700755, 37201600756
37201800777, 37201700755
37201900803, 37201800777
37202000757, 37201900803
37202100823, 37202000757
37202200819, 37202100823
37202300849, 37202200819
37202400850, 37202300849
37202500880, 37202400850
37202600904, 37202500880
37202700904, 37202600904
37202800938, 37202700904
37202900964, 37202800938
37203000908, 37202900964
37203100954, 37203000908
37203200980, 37203100954
37203301028, 37203200980
37203401042, 37203301028
37203501080, 37203401042
37203601089, 37203501080
37203701108, 37203601089
37203801114, 37203701108
37203901093, 37203801114
37204001041, 37203901093
37204101057, 37204001041
37204201053, 37204101057
37204301052, 37204201053
37204401048, 37204301052
37204501031, 37204401048
37204601043, 37204501031
37204701049, 37204601043
37204801046, 37204701049
37204901067, 37204801046
37205001002, 37204901067
37205101028, 37205001002
37205201038, 37205101028
37205301045, 37205201038
37205401035, 37205301045
37205501050, 37205401035
37205601056, 37205501050
37205701046, 37205601056
37205801061, 37205701046
37205901055, 37205801061
37206001001, 37205901055
37206101032, 37206001001
37206201039, 37206101032
37206301053, 37206201039
37206401040, 37206301053
37206501054, 37206401040
37206601045, 37206501054
37206701055, 37206601045
37206801066, 37206701055
37206901052, 37206801066
37207001003, 37206901052
37207101042, 37207001003
37207201047, 37207101042
37207301054, 37207201047
37207401056, 37207301054
37207501037, 37207401056
37207601037, 37207501037
37207701042, 37207601037
37207801030, 37207701042
37207901044, 37207801030
37208000987, 37207901044
37208101017, 37208000987
37208201020, 37208101017
37208301024, 37208201020
37208401024, 37208301024
37208500990, 37208401024
37208600985, 37208500990
37208700974, 37208600985
37208800948, 37208700974
37208900957, 37208800948
37209000887, 37208900957
37209100905, 37209000887
37209200900, 37209100905
37209300892, 37209200900
37209400866, 37209300892
37209500870, 37209400866
37209600878, 37209500870
37209700868, 37209600878
37209800879, 37209700868
37209900877, 37209800879
37210000828, 37209900877
37210100862, 37210000828
37210200869, 37210100862
37210300888, 37210200869
37210400887, 37210300888
37210500896, 37210400887
37210600887, 37210500896
37210700897, 37210600887
37210800900, 37210700897
37210900914, 37210800900
37211000854, 37210900914
37211100891, 37211000854
37211200906, 37211100891
37211300926, 37211200906
37211400948, 37211300926
37211500974, 37211400948
37211600988, 37211500974
37211700980, 37211600988
37211800990, 37211700980
37211900996, 37211800990
37212000938, 37211900996
37212100968, 37212000938
37212200964, 37212100968
37212300963, 37212200964
37212400962, 37212300963
37212500932, 37212400962
37212600927, 37212500932
37212700923, 37212600927
37212800909, 37212700923
37212900888, 37212800909
37213000806, 37212900888
37213100812, 37213000806
37213200802, 37213100812
37213300785, 37213200802
37213400767, 37213300785
37213500731, 37213400767
37213600717, 37213500731
37213700699, 37213600717
37213800687, 37213700699
37213900658, 37213800687
37214000587, 37213900658
37214100604, 37214000587
37214200589, 37214100604
37214300588, 37214200589
37214400595, 37214300588
37214500572, 37214400595
37214600587, 37214500572
37214700597, 37214600587
37214800600, 37214700597
37214900598, 37214800600
37215000537, 37214900598
37215100583, 37215000537
37215200585, 37215100583
37215300572, 37215200585
37215400574, 37215300572
37215500585, 37215400574
37215600598, 37215500585
37215700582, 37215600598
37215800592, 37215700582
37215900606, 37215800592
37216000545, 37215900606
37216100571, 37216000545
37216200600, 37216100571
37216300573, 37216200600
37216400576, 37216300573
37216500568, 37216400576
37216600566, 37216500568
37216700539, 37216600566
37216800533, 37216700539
37216900530, 37216800533
37217000452, 37216900530
37217100472, 37217000452
37217200470, 37217100472
37217300474, 37217200470
37217400476, 37217300474
37217500487, 37217400476
37217600473, 37217500487
37217700480, 37217600473
37217800498, 37217700480
37217900516, 37217800498
37218000458, 37217900516
37218100486, 37218000458
37218200499, 37218100486
37218300513, 37218200499
37218400538, 37218300513
37218500538, 37218400538
37218600561, 37218500538
37218700592, 37218600561
37218800592, 37218700592
37218900616, 37218800592
37219000587, 37218900616
37219100653, 37219000587
37219200675, 37219100653
37219300681, 37219200675
37219400706, 37219300681
37219500730, 37219400706
37219600726, 37219500730
37219700728, 37219600726
37219800738, 37219700728
37219900748, 37219800738
37220000684, 37219900748
37220100734, 37220000684
37220200712, 37220100734
37220300718, 37220200712
37220400728, 37220300718
37220500722, 37220400728
37220600739, 37220500722
37220700768, 37220600739
37220800802, 37220700768
37220900835, 37220800802
37221000793, 37220900835
37221100875, 37221000793
37221200877, 37221100875
37221300915, 37221200877
37221400946, 37221300915
37221500984, 37221400946
37221601000, 37221500984
37221701034, 37221601000
37221801069, 37221701034
37221901082, 37221801069
37222001052, 37221901082
37222101100, 37222001052
37222201113, 37222101100
37222301122, 37222201113
37222401110, 37222301122
37222501125, 37222401110
37222601127, 37222501125
37222701105, 37222601127
37222801103, 37222701105
37222901075, 37222801103
37223001004, 37222901075
37223101002, 37223001004
37223200978, 37223101002
37223300961, 37223200978
37223400947, 37223300961
37223500923, 37223400947
37223600888, 37223500923
37223700871, 37223600888
37223800846, 37223700871
37223900809, 37223800846
37224000728, 37223900809
37224100740, 37224000728
37224200726, 37224100740
37224300722, 37224200726
37224400712, 37224300722
37224500723, 37224400712
37224600729, 37224500723
37224700739, 37224600729
37224800730, 37224700739
37224900724, 37224800730
37225000683, 37224900724
37225100723, 37225000683
37225200737, 37225100723
37225300758, 37225200737
37225400765, 37225300758
37225500786, 37225400765
37225600819, 37225500786
37225700849, 37225600819
37225800854, 37225700849
37225900880, 37225800854
37226000857, 37225900880
37226100930, 37226000857
37226200930, 37226100930
37226300963, 37226200930
37226400997, 37226300963
37226501036, 37226400997
37226601081, 37226501036
37226701096, 37226601081
37226801144, 37226701096
37226901175, 37226801144
37227001141, 37226901175
37227101191, 37227001141
37227201238, 37227101191
37227301246, 37227201238
37227401275, 37227301246
37227501290, 37227401275
37227601279, 37227501290
37227701289, 37227601279
37227801286, 37227701289
37227901288, 37227801286
37228001203, 37227901288
37228101216, 37228001203
37228201206, 37228101216
37228301206, 37228201206
37228401171, 37228301206
37228501163, 37228401171
37228601153, 37228501163
37228701143, 37228601153
37228801121, 37228701143
37228901106, 37228801121
37229001048, 37228901106
37229101070, 37229001048
37229201066, 37229101070
37229301070, 37229201066
37229401046, 37229301070
37229501034, 37229401046
37229601031, 37229501034
37229701004, 37229601031
37229800990, 37229701004
37229900967, 37229800990
37230000900, 37229900967
37230100926, 37230000900
37230200883, 37230100926
37230300870, 37230200883
37230400852, 37230300870
37230500814, 37230400852
37230600798, 37230500814
37230700771, 37230600798
37230800747, 37230700771
37230900708, 37230800747
37231000610, 37230900708
37231100609, 37231000610
37231200590, 37231100609
37231300566, 37231200590
37231400553, 37231300566
37231500517, 37231400553
37231600504, 37231500517
37231700500, 37231600504
37231800501, 37231700500
37231900483, 37231800501
37232000423, 37231900483
37232100452, 37232000423
37232200458, 37232100452
37232300469, 37232200458
37241200581, 37241100599
37241300592, 37241200581
37241400604, 37241300592
37241500597, 37241400604
37241600612, 37241500597
37241700624, 37241600612
37241800620, 37241700624
37241900632, 37241800620
37242000589, 37241900632
37242100631, 37242000589
37242200644, 37242100631
37242300667, 37242200644
37242400671, 37242300667
37242500688, 37242400671
37242600706, 37242500688
37242700696, 37242600706
37242800702, 37242700696
37242900712, 37242800702
37243000646, 37242900712
37243100662, 37243000646
37243200656, 37243100662
37243300650, 37243200656
37243400615, 37243300650
37243500596, 37243400615
37243600581, 37243500596
37243700562, 37243600581
37243800521, 37243700562
37243900512, 37243800521
37244000436, 37243900512
37244100452, 37244000436
37244200453, 37244100452
37244300452, 37244200453
37244400438, 37244300452
37244500452, 37244400438
37244600459, 37244500452
37244700444, 37244600459
37244800440, 37244700444
37244900444, 37244800440
37245000366, 37244900444
37245100387, 37245000366
37245200394, 37245100387
37245300400, 37245200394
37245400401, 37245300400
37245500382, 37245400401
37245600390, 37245500382
37245700385, 37245600390
37245800371, 37245700385
37245900389, 37245800371
37246000324, 37245900389
37246100352, 37246000324
37246200362, 37246100352
37246300367, 37246200362
37246400355, 37246300367
37246500369, 37246400355
37246600376, 37246500369
37246700362, 37246600376
37246800377, 37246700362
37246900363, 37246800377
37247000318, 37246900363
37247100352, 37247000318
37247200354, 37247100352
37247300365, 37247200354
37247400371, 37247300365
37247500362, 37247400371
37247600368, 37247500362
37247700372, 37247600368
37247800358, 37247700372
37247900368, 37247800358
37248000312, 37247900368
37248100342, 37248000312
37248200348, 37248100342
37248300354, 37248200348
37248400350, 37248300354
37248500362, 37248400350
37248600369, 37248500362
37248700356, 37248600369
37248800372, 37248700356
37248900374, 37248800372
37249000324, 37248900374
37249100360, 37249000324
37249200363, 37249100360
37249300384, 37249200363
37249400368, 37249300384
37249500378, 37249400368
37249600392, 37249500378
37249700382, 37249600392
37249800389, 37249700382
37249900387, 37249800389
37250000331, 37249900387
37250100360, 37250000331
37250200371, 37250100360
37250300377, 37250200371
37250400368, 37250300377
37250500382, 37250400368
37250600369, 37250500382
37250700383, 37250600369
37250800374, 37250700383
37250900384, 37250800374
37251000331, 37250900384
37251100365, 37251000331
37251200376, 37251100365
37251300364, 37251200376
37251400378, 37251300364
37251500386, 37251400378
37251600380, 37251500386
37251700387, 37251600380
37251800390, 37251700387
37258300478, 37258200509
37258400478, 37258300478
37258500486, 37258400478
37258600489, 37258500486
37258700483, 37258600489
37258800466, 37258700483
37258900471, 37258800466
37259000404, 37258900471
37259100434, 37259000404
37259200450, 37259100434
37259300456, 37259200450
37259400462, 37259300456
37259500448, 37259400462
37259600456, 37259500448
37259700466, 37259600456
37259800476, 37259700466
37259900470, 37259800476
37260000402, 37259900470
37260100454, 37260000402
37260200422, 37260100454
37260300432, 37260200422
37260400432, 37260300432
37260500438, 37260400432
37260600417, 37260500438
37260700418, 37260600417
37260800423, 37260700418
37260900409, 37260800423
37261000351, 37260900409
37261100374, 37261000351
37261200384, 37261100374
37261300387, 37261200384
37261400397, 37261300387
37261500379, 37261400397
37261600382, 37261500379
37261700390, 37261600382
37261800380, 37261700390
37261900386, 37261800380
37262000321, 37261900386
37262100359, 37262000321
37262200357, 37262100359
37262300368, 37262200357
37262400382, 37262300368
37262500365, 37262400382
37262600375, 37262500365
37262700385, 37262600375
37262800388, 37262700385
37262900382, 37262800388
37263000317, 37262900382
37263100360, 37263000317
37263200369, 37263100360
37263300375, 37263200369
37263400362, 37263300375
37263500372, 37263400362
37263600379, 37263500372
37263700369, 37263600379
37263800380, 37263700369
37263900382, 37263800380
37264000322, 37263900382
37264100360, 37264000322
37264200364, 37264100360
37264300381, 37264200364
37264400372, 37264300381
37264500377, 37264400372
37264600390, 37264500377
37264700402, 37264600390
37264800404, 37264700402
37264900407, 37264800404
37265000342, 37264900407
37265100392, 37265000342
37265200399, 37265100392
37265300385, 37265200399
37265400392, 37265300385
37265500402, 37265400392
37265600385, 37265500402
37265700399, 37265600385
37265800386, 37265700399
37265900388, 37265800386
37266000335, 37265900388
37266100373, 37266000335
37266200376, 37266100373
37266300392, 37266200376
37266400378, 37266300392
37266500384, 37266400378
37266600398, 37266500384
37266700388, 37266600398
37266800396, 37266700388
37266900394, 37266800396
37267000335, 37266900394
37267100388, 37267000335
37267200370, 37267100388
37267300378, 37267200370
37267400381, 37267300378
37267500364, 37267400381
37267600380, 37267500364
37267700382, 37267600380
37267800372, 37267700382
37267900378, 37267800372
37268000322, 37267900378
37268100360, 37268000322
37268200362, 37268100360
37268300372, 37268200362
37268400360, 37268300372
37268500370, 37268400360
37268600382, 37268500370
37268700372, 37268600382
37268800379, 37268700372
37268900385, 37268800379
37269000334, 37268900385
37269100388, 37269000334
37269200370, 37269100388
37269300384, 37269200370
37269400372, 37269300384
37269500386, 37269400372
37269600376, 37269500386
37269700382, 37269600376
37269800398, 37269700382
37269900386, 37269800398
37270000324, 37269900386
37270100351, 37270000324
37270200352, 37270100351
37270300355, 37270200352
37270400344, 37270300355
37270500358, 37270400344
37270600344, 37270500358
37270700354, 37270600344
37270800366, 37270700354
37270900357, 37270800366
37271000306, 37270900357
37271100338, 37271000306
37271200345, 37271100338
37271300355, 37271200345
37271400362, 37271300355
37271500352, 37271400362
37271600363, 37271500352
37271700369, 37271600363
37271800356, 37271700369
37271900372, 37271800356
37272000308, 37271900372
37272100346, 37272000308
37272200352, 37272100346
37272300358, 37272200352
37272400340, 37272300358
37272500352, 37272400340
37272600360, 37272500352
37272700369, 37272600360
37272800356, 37272700369
37272900366, 37272800356
37273000309, 37272900366
37273100335, 37273000309
37273200342, 37273100335
37273300352, 37273200342
37273400358, 37273300352
37273500349, 37273400358
37273600360, 37273500349
37273700366, 37273600360
37273800357, 37273700366
37273900367, 37273800357
37274000314, 37273900367
37274100356, 37274000314
37274200362, 37274100356
37274300365, 37274200362
37274400355, 37274300365
37274500370, 37274400355
37274600356, 37274500370
37274700371, 37274600356
37274800362, 37274700371
37274900364, 37274800362
37275000323, 37274900364
37275100353, 37275000323
37275200355, 37275100353
37275300370, 37275200355
37275400360, 37275300370
37275500367, 37275400360
37275600381, 37275500367
37275700374, 37275600381
37275800384, 37275700374
37275900376, 37275800384
37276000326, 37275900376
37276100360, 37276000326
37276200375, 37276100360
37276300380, 37276200375
37276400369, 37276300380
37276500382, 37276400369
37276600389, 37276500382
37276700380, 37276600389
37276800399, 37276700380
37276900388, 37276800399
37277000339, 37276900388
37277100373, 37277000339
37277200375, 37277100373
37277300386, 37277200375
37277400381, 37277300386
37277500387, 37277400381
37277600397, 37277500387
37277700383, 37277600397
37277800390, 37277700383
37277900407, 37277800390
37278000334, 37277900407
37278100361, 37278000334
37278200361, 37278100361
37278300364, 37278200361
37278400342, 37278300364
37278500352, 37278400342
37278600356, 37278500352
37278700346, 37278600356
37278800362, 37278700346
37278900360, 37278800362
37279000302, 37278900360
37279100338, 37279000302
37279200341, 37279100338
37279300354, 37279200341
37279400345, 37279300354
37279500356, 37279400345
37279600371, 37279500356
37279700366, 37279600371
37279800380, 37279700366
37279900392, 37279800380
37280000341, 37279900392
37280100375, 37280000341
37280200394, 37280100375
37280300420, 37280200394
37280400421, 37280300420
37280500446, 37280400421
37280600467, 37280500446
37280700484, 37280600467
37280800481, 37280700484
37280900497, 37280800481
37281000436, 37280900497
37281100470, 37281000436
37281200472, 37281100470
37281300487, 37281200472
37281400466, 37281300487
37281500464, 37281400466
37281600467, 37281500464
37281700446, 37281600467
37281800444, 37281700446
37281900424, 37281800444
37282000370, 37281900424
37282100396, 37282000370
37282200407, 37282100396
37282300395, 37282200407
37282400404, 37282300395
37282500418, 37282400404
37282600409, 37282500418
37282700419, 37282600409
37282800410, 37282700419
37282900422, 37282800410
37283000368, 37282900422
37283100399, 37283000368
37283200405, 37283100399
37283300412, 37283200405
37283400399, 37283300412
37283500407, 37283400399
37283600406, 37283500407
