# from_timestamp_us, to_timestamp_us
37186600823, 37186700809
37186700809, 37186800809
37186800809, 37186900815
37186900815, 37187000737
37187000737, 37187100770
37187100770, 37187200739
37187200739, 37187300736
37187300736, 37187400729
37187400729, 37187500703
37187500703, 37187600702
37187600702, 37187700691
37187700691, 37187800662
37187800662, 37187900674
37187900674, 37188000596
37188000596, 37188100626
37188100626, 37188200624
37188200624, 37188300639
37188300639, 37188400649
37188400649, 37188500632
37188500632, 37188600642
37188600642, 37188700656
37188700656, 37188800659
37188800659, 37188900649
37188900649, 37189000590
37189000590, 37189100610
37189100610, 37189200612
37189200612, 37189300590
37189300590, 37189400583
37189400583, 37189500581
37189500581, 37189600564
37189600564, 37189700566
37189700566, 37189800577
37189800577, 37189900570
37189900570, 37190000529
37190000529, 37190100570
37190100570, 37190200585
37190200585, 37190300596
37190300596, 37190400590
37190400590, 37190500597
37190500597, 37190600611
37190600611, 37190700601
37190700601, 37190800608
37190800608, 37190900606
37190900606, 37191000557
37191000557, 37191100599
37191100599, 37191200602
37191200602, 37191300591
37191300591, 37191400598
37191400598, 37191500616
37191500616, 37191600630
37191600630, 37191700632
37191700632, 37191800618
37191800618, 37191900636
37191900636, 37192000568
37192000568, 37192100602
37192100602, 37192200608
37192200608, 37192300614
37192300614, 37192400604
37192400604, 37192500616
37192500616, 37192600622
37192600622, 37192700612
37192700612, 37192800622
37192800622, 37192900632
37192900632, 37193000568
37193000568, 37193100618
37193100618, 37193200600
37193200600, 37193300614
37193300614, 37193400618
37193400618, 37193500608
37193500608, 37193600622
37193600622, 37193700624
37193700624, 37193800613
37193800613, 37193900615
37193900615, 37194000566
37194000566, 37194100596
37194100596, 37194200606
37194200606, 37194300617
37194300617, 37194400631
37194400631, 37194500618
37194500618, 37194600620
37194600620, 37194700630
37194700630, 37194800617
37194800617, 37194900628
37194900628, 37195000563
37195000563, 37195100597
37195100597, 37195200590
37195200590, 37195300599
37195300599, 37195400601
37195400601, 37195500578
37195500578, 37195600580
37195600580, 37195700581
37195700581, 37195800564
37195800564, 37195900584
37195900584, 37196000518
37196000518, 37196100552
37196100552, 37196200558
37196200558, 37196300563
37196300563, 37196400549
37196400549, 37196500554
37196500554, 37196600544
37196600544, 37196700521
37196700521, 37196800524
37196800524, 37196900512
37196900512, 37197000449
37197000449, 37197100480
37197100480, 37197200488
37197200488, 37197300498
37197300498, 37197400488
37197400488, 37197500498
37197500498, 37197600490
37197600490, 37197700503
37197700503, 37197800517
37197800517, 37197900520
37197900520, 37198000477
37198000477, 37198100520
37198100520, 37198200536
37198200536, 37198300554
37198300554, 37198400554
37198400554, 37198500577
37198500577, 37198600595
37198600595, 37198700597
37198700597, 37198800625
37198800625, 37198900634
37198900634, 37199000581
37199000581, 37199100622
37199100622, 37199200640
37199200640, 37199300662
37199300662, 37199400656
37199400656, 37199500673
37199500673, 37199600670
37199600670, 37199700678
37199700678, 37199800692
37199800692, 37199900686
37199900686, 37200000646
37200000646, 37200100686
37200100686, 37200200709
37200200709, 37200300736
37200300736, 37200400735
37200400735, 37200500745
37200500745, 37200600754
37200600754, 37200700736
37200700736, 37200800745
37200800745, 37200900734
37200900734, 37201000676
37201000676, 37201100704
37201100704, 37201200706
37201200706, 37201300720
37201300720, 37201400711
37201400711, 37201500728
37201500728, 37201600756
37201600756, 37201700755
37201700755, 37201800777
37201800777, 37201900803
37201900803, 37202000757
37202000757, 37202100823
37202100823, 37202200819
37202200819, 37202300849
37202300849, 37202400850
37202400850, 37202500880
37202500880, 37202600904
37202600904, 37202700904
37202700904, 37202800938
37202800938, 37202900964
37202900964, 37203000908
37203000908, 37203100954
37203100954, 37203200980
37203200980, 37203301028
37203301028, 37203401042
37203401042, 37203501080
37203501080, 37203601089
37203601089, 37203701108
37203701108, 37203801114
37203801114, 37203901093
37203901093, 37204001041
37204001041, 37204101057
37204101057, 37204201053
37204201053, 37204301052
37204301052, 37204401048
37204401048, 37204501031
37204501031, 37204601043
37204601043, 37204701049
37204701049, 37204801046
37204801046, 37204901067
37204901067, 37205001002
37205001002, 37205101028
37205101028, 37205201038
37205201038, 37205301045
37205301045, 37205401035
37205401035, 37205501050
37205501050, 37205601056
37205601056, 37205701046
37205701046, 37205801061
37205801061, 37205901055
37205901055, 37206001001
37206001001, 37206101032
37206101032, 37206201039
37206201039, 37206301053
37206301053, 37206401040
37206401040, 37206501054
37206501054, 37206601045
37206601045, 37206701055
37206701055, 37206801066
37206801066, 37206901052
37206901052, 37207001003
37207001003, 37207101042
37207101042, 37207201047
37207201047, 37207301054
37207301054, 37207401056
37207401056, 37207501037
37207501037, 37207601037
37207601037, 37207701042
37207701042, 37207801030
37207801030, 37207901044
37207901044, 37208000987
37208000987, 37208101017
37208101017, 37208201020
37208201020, 37208301024
37208301024, 37208401024
37208401024, 37208500990
37208500990, 37208600985
37208600985, 37208700974
37208700974, 37208800948
37208800948, 37208900957
37208900957, 37209000887
37209000887, 37209100905
37209100905, 37209200900
37209200900, 37209300892
37209300892, 37209400866
37209400866, 37209500870
37209500870, 37209600878
37209600878, 37209700868
37209700868, 37209800879
37209800879, 37209900877
37209900877, 37210000828
37210000828, 37210100862
37210100862, 37210200869
37210200869, 37210300888
37210300888, 37210400887
37210400887, 37210500896
37210500896, 37210600887
37210600887, 37210700897
37210700897, 37210800900
37210800900, 37210900914
37210900914, 37211000854
37211000854, 37211100891
37211100891, 37211200906
37211200906, 37211300926
37211300926, 37211400948
37211400948, 37211500974
37211500974, 37211600988
37211600988, 37211700980
37211700980, 37211800990
37211800990, 37211900996
37211900996, 37212000938
37212000938, 37212100968
37212100968, 37212200964
37212200964, 37212300963
37212300963, 37212400962
37212400962, 37212500932
37212500932, 37212600927
37212600927, 37212700923
37212700923, 37212800909
37212800909, 37212900888
37212900888, 37213000806
37213000806, 37213100812
37213100812, 37213200802
37213200802, 37213300785
37213300785, 37213400767
37213400767, 37213500731
37213500731, 37213600717
37213600717, 37213700699
37213700699, 37213800687
37213800687, 37213900658
37213900658, 37214000587
37214000587, 37214100604
37214100604, 37214200589
37214200589, 37214300588
37214300588, 37214400595
37214400595, 37214500572
37214500572, 37214600587
37214600587, 37214700597
37214700597, 37214800600
37214800600, 37214900598
37214900598, 37215000537
37215000537, 37215100583
37215100583, 37215200585
37215200585, 37215300572
37215300572, 37215400574
37215400574, 37215500585
37215500585, 37215600598
37215600598, 37215700582
37215700582, 37215800592
37215800592, 37215900606
37215900606, 37216000545
37216000545, 37216100571
37216100571, 37216200600
37216200600, 37216300573
37216300573, 37216400576
37216400576, 37216500568
37216500568, 37216600566
37216600566, 37216700539
37216700539, 37216800533
37216800533, 37216900530
37216900530, 37217000452
37217000452, 37217100472
37217100472, 37217200470
37217200470, 37217300474
37217300474, 37217400476
37217400476, 37217500487
37217500487, 37217600473
37217600473, 37217700480
37217700480, 37217800498
37217800498, 37217900516
37217900516, 37218000458
37218000458, 37218100486
37218100486, 37218200499
37218200499, 37218300513
37218300513, 37218400538
37218400538, 37218500538
37218500538, 37218600561
37218600561, 37218700592
37218700592, 37218800592
37218800592, 37218900616
37218900616, 37219000587
37219000587, 37219100653
37219100653, 37219200675
37219200675, 37219300681
37219300681, 37219400706
37219400706, 37219500730
37219500730, 37219600726
37219600726, 37219700728
37219700728, 37219800738
37219800738, 37219900748
37219900748, 37220000684
37220000684, 37220100734
37220100734, 37220200712
37220200712, 37220300718
37220300718, 37220400728
37220400728, 37220500722
37220500722, 37220600739
37220600739, 37220700768
37220700768, 37220800802
37220800802, 37220900835
37220900835, 37221000793
37221000793, 37221100875
37221100875, 37221200877
37221200877, 37221300915
37221300915, 37221400946
37221400946, 37221500984
37221500984, 37221601000
37221601000, 37221701034
37221701034, 37221801069
37221801069, 37221901082
37221901082, 37222001052
37222001052, 37222101100
37222101100, 37222201113
37222201113, 37222301122
37222301122, 37222401110
37222401110, 37222501125
37222501125, 37222601127
37222601127, 37222701105
37222701105, 37222801103
37222801103, 37222901075
37222901075, 37223001004
37223001004, 37223101002
37223101002, 37223200978
37223200978, 37223300961
37223300961, 37223400947
37223400947, 37223500923
37223500923, 37223600888
37223600888, 37223700871
37223700871, 37223800846
37223800846, 37223900809
37223900809, 37224000728
37224000728, 37224100740
37224100740, 37224200726
37224200726, 37224300722
37224300722, 37224400712
37224400712, 37224500723
37224500723, 37224600729
37224600729, 37224700739
37224700739, 37224800730
37224800730, 37224900724
37224900724, 37225000683
37225000683, 37225100723
37225100723, 37225200737
37225200737, 37225300758
37225300758, 37225400765
37225400765, 37225500786
37225500786, 37225600819
37225600819, 37225700849
37225700849, 37225800854
37225800854, 37225900880
37225900880, 37226000857
37226000857, 37226100930
37226100930, 37226200930
37226200930, 37226300963
37226300963, 37226400997
37226400997, 37226501036
37226501036, 37226601081
37226601081, 37226701096
37226701096, 37226801144
37226801144, 37226901175
37226901175, 37227001141
37227001141, 37227101191
37227101191, 37227201238
37227201238, 37227301246
37227301246, 37227401275
37227401275, 37227501290
37227501290, 37227601279
37227601279, 37227701289
37227701289, 37227801286
37227801286, 37227901288
37227901288, 37228001203
37228001203, 37228101216
37228101216, 37228201206
37228201206, 37228301206
37228301206, 37228401171
37228401171, 37228501163
37228501163, 37228601153
37228601153, 37228701143
37228701143, 37228801121
37228801121, 37228901106
37228901106, 37229001048
37229001048, 37229101070
37229101070, 37229201066
37229201066, 37229301070
37229301070, 37229401046
37229401046, 37229501034
37229501034, 37229601031
37229601031, 37229701004
37229701004, 37229800990
37229800990, 37229900967
37229900967, 37230000900
37230000900, 37230100926
37230100926, 37230200883
37230200883, 37230300870
37230300870, 37230400852
37230400852, 37230500814
37230500814, 37230600798
37230600798, 37230700771
37230700771, 37230800747
37230800747, 37230900708
37230900708, 37231000610
37231000610, 37231100609
37231100609, 37231200590
37231200590, 37231300566
37231300566, 37231400553
37231400553, 37231500517
37231500517, 37231600504
37231600504, 37231700500
37231700500, 37231800501
37231800501, 37231900483
37231900483, 37232000423
37232000423, 37232100452
37232100452, 37232200458
37232200458, 37232300469
37232300469, 37232400475
37241200581, 37241300592
37241300592, 37241400604
37241400604, 37241500597
37241500597, 37241600612
37241600612, 37241700624
37241700624, 37241800620
37241800620, 37241900632
37241900632, 37242000589
37242000589, 37242100631
37242100631, 37242200644
37242200644, 37242300667
37242300667, 37242400671
37242400671, 37242500688
37242500688, 37242600706
37242600706, 37242700696
37242700696, 37242800702
37242800702, 37242900712
37242900712, 37243000646
37243000646, 37243100662
37243100662, 37243200656
37243200656, 37243300650
37243300650, 37243400615
37243400615, 37243500596
37243500596, 37243600581
37243600581, 37243700562
37243700562, 37243800521
37243800521, 37243900512
37243900512, 37244000436
37244000436, 37244100452
37244100452, 37244200453
37244200453, 37244300452
37244300452, 37244400438
37244400438, 37244500452
37244500452, 37244600459
37244600459, 37244700444
37244700444, 37244800440
37244800440, 37244900444
37244900444, 37245000366
37245000366, 37245100387
37245100387, 37245200394
37245200394, 37245300400
37245300400, 37245400401
37245400401, 37245500382
37245500382, 37245600390
37245600390, 37245700385
37245700385, 37245800371
37245800371, 37245900389
37245900389, 37246000324
37246000324, 37246100352
37246100352, 37246200362
37246200362, 37246300367
37246300367, 37246400355
37246400355, 37246500369
37246500369, 37246600376
37246600376, 37246700362
37246700362, 37246800377
37246800377, 37246900363
37246900363, 37247000318
37247000318, 37247100352
37247100352, 37247200354
37247200354, 37247300365
37247300365, 37247400371
37247400371, 37247500362
37247500362, 37247600368
37247600368, 37247700372
37247700372, 37247800358
37247800358, 37247900368
37247900368, 37248000312
37248000312, 37248100342
37248100342, 37248200348
37248200348, 37248300354
37248300354, 37248400350
37248400350, 37248500362
37248500362, 37248600369
37248600369, 37248700356
37248700356, 37248800372
37248800372, 37248900374
37248900374, 37249000324
37249000324, 37249100360
37249100360, 37249200363
37249200363, 37249300384
37249300384, 37249400368
37249400368, 37249500378
37249500378, 37249600392
37249600392, 37249700382
37249700382, 37249800389
37249800389, 37249900387
37249900387, 37250000331
37250000331, 37250100360
37250100360, 37250200371
37250200371, 37250300377
37250300377, 37250400368
37250400368, 37250500382
37250500382, 37250600369
37250600369, 37250700383
37250700383, 37250800374
37250800374, 37250900384
37250900384, 37251000331
37251000331, 37251100365
37251100365, 37251200376
37251200376, 37251300364
37251300364, 37251400378
37251400378, 37251500386
37251500386, 37251600380
37251600380, 37251700387
37251700387, 37251800390
37251800390, 37251900394
37258300478, 37258400478
37258400478, 37258500486
37258500486, 37258600489
37258600489, 37258700483
37258700483, 37258800466
37258800466, 37258900471
37258900471, 37259000404
37259000404, 37259100434
37259100434, 37259200450
37259200450, 37259300456
37259300456, 37259400462
37259400462, 37259500448
37259500448, 37259600456
37259600456, 37259700466
37259700466, 37259800476
37259800476, 37259900470
37259900470, 37260000402
37260000402, 37260100454
37260100454, 37260200422
37260200422, 37260300432
37260300432, 37260400432
37260400432, 37260500438
37260500438, 37260600417
37260600417, 37260700418
37260700418, 37260800423
37260800423, 37260900409
37260900409, 37261000351
37261000351, 37261100374
37261100374, 37261200384
37261200384, 37261300387
37261300387, 37261400397
37261400397, 37261500379
37261500379, 37261600382
37261600382, 37261700390
37261700390, 37261800380
37261800380, 37261900386
37261900386, 37262000321
37262000321, 37262100359
37262100359, 37262200357
37262200357, 37262300368
37262300368, 37262400382
37262400382, 37262500365
37262500365, 37262600375
37262600375, 37262700385
37262700385, 37262800388
37262800388, 37262900382
37262900382, 37263000317
37263000317, 37263100360
37263100360, 37263200369
37263200369, 37263300375
37263300375, 37263400362
37263400362, 37263500372
37263500372, 37263600379
37263600379, 37263700369
37263700369, 37263800380
37263800380, 37263900382
37263900382, 37264000322
37264000322, 37264100360
37264100360, 37264200364
37264200364, 37264300381
37264300381, 37264400372
37264400372, 37264500377
37264500377, 37264600390
37264600390, 37264700402
37264700402, 37264800404
37264800404, 37264900407
37264900407, 37265000342
37265000342, 37265100392
37265100392, 37265200399
37265200399, 37265300385
37265300385, 37265400392
37265400392, 37265500402
37265500402, 37265600385
37265600385, 37265700399
37265700399, 37265800386
37265800386, 37265900388
37265900388, 37266000335
37266000335, 37266100373
37266100373, 37266200376
37266200376, 37266300392
37266300392, 37266400378
37266400378, 37266500384
37266500384, 37266600398
37266600398, 37266700388
37266700388, 37266800396
37266800396, 37266900394
37266900394, 37267000335
37267000335, 37267100388
37267100388, 37267200370
37267200370, 37267300378
37267300378, 37267400381
37267400381, 37267500364
37267500364, 37267600380
37267600380, 37267700382
37267700382, 37267800372
37267800372, 37267900378
37267900378, 37268000322
37268000322, 37268100360
37268100360, 37268200362
37268200362, 37268300372
37268300372, 37268400360
37268400360, 37268500370
37268500370, 37268600382
37268600382, 37268700372
37268700372, 37268800379
37268800379, 37268900385
37268900385, 37269000334
37269000334, 37269100388
37269100388, 37269200370
37269200370, 37269300384
37269300384, 37269400372
37269400372, 37269500386
37269500386, 37269600376
37269600376, 37269700382
37269700382, 37269800398
37269800398, 37269900386
37269900386, 37270000324
37270000324, 37270100351
37270100351, 37270200352
37270200352, 37270300355
37270300355, 37270400344
37270400344, 37270500358
37270500358, 37270600344
37270600344, 37270700354
37270700354, 37270800366
37270800366, 37270900357
37270900357, 37271000306
37271000306, 37271100338
37271100338, 37271200345
37271200345, 37271300355
37271300355, 37271400362
37271400362, 37271500352
37271500352, 37271600363
37271600363, 37271700369
37271700369, 37271800356
37271800356, 37271900372
37271900372, 37272000308
37272000308, 37272100346
37272100346, 37272200352
37272200352, 37272300358
37272300358, 37272400340
37272400340, 37272500352
37272500352, 37272600360
37272600360, 37272700369
37272700369, 37272800356
37272800356, 37272900366
37272900366, 37273000309
37273000309, 37273100335
37273100335, 37273200342
37273200342, 37273300352
37273300352, 37273400358
37273400358, 37273500349
37273500349, 37273600360
37273600360, 37273700366
37273700366, 37273800357
37273800357, 37273900367
37273900367, 37274000314
37274000314, 37274100356
37274100356, 37274200362
37274200362, 37274300365
37274300365, 37274400355
37274400355, 37274500370
37274500370, 37274600356
37274600356, 37274700371
37274700371, 37274800362
37274800362, 37274900364
37274900364, 37275000323
37275000323, 37275100353
37275100353, 37275200355
37275200355, 37275300370
37275300370, 37275400360
37275400360, 37275500367
37275500367, 37275600381
37275600381, 37275700374
37275700374, 37275800384
37275800384, 37275900376
37275900376, 37276000326
37276000326, 37276100360
37276100360, 37276200375
37276200375, 37276300380
37276300380, 37276400369
37276400369, 37276500382
37276500382, 37276600389
37276600389, 37276700380
37276700380, 37276800399
37276800399, 37276900388
37276900388, 37277000339
37277000339, 37277100373
37277100373, 37277200375
37277200375, 37277300386
37277300386, 37277400381
37277400381, 37277500387
37277500387, 37277600397
37277600397, 37277700383
37277700383, 37277800390
37277800390, 37277900407
37277900407, 37278000334
37278000334, 37278100361
37278100361, 37278200361
37278200361, 37278300364
37278300364, 37278400342
37278400342, 37278500352
37278500352, 37278600356
37278600356, 37278700346
37278700346, 37278800362
37278800362, 37278900360
37278900360, 37279000302
37279000302, 37279100338
37279100338, 37279200341
37279200341, 37279300354
37279300354, 37279400345
37279400345, 37279500356
37279500356, 37279600371
37279600371, 37279700366
37279700366, 37279800380
37279800380, 37279900392
37279900392, 37280000341
37280000341, 37280100375
37280100375, 37280200394
37280200394, 37280300420
37280300420, 37280400421
37280400421, 37280500446
37280500446, 37280600467
37280600467, 37280700484
37280700484, 37280800481
37280800481, 37280900497
37280900497, 37281000436
37281000436, 37281100470
37281100470, 37281200472
37281200472, 37281300487
37281300487, 37281400466
37281400466, 37281500464
37281500464, 37281600467
37281600467, 37281700446
37281700446, 37281800444
37281800444, 37281900424
37281900424, 37282000370
37282000370, 37282100396
37282100396, 37282200407
37282200407, 37282300395
37282300395, 37282400404
37282400404, 37282500418
37282500418, 37282600409
37282600409, 37282700419
37282700419, 37282800410
37282800410, 37282900422
37282900422, 37283000368
37283000368, 37283100399
37283100399, 37283200405
37283200405, 37283300412
37283300412, 37283400399
37283400399, 37283500407
37283500407, 37283600406
37283600406, 37283700391
