56174807540
56174857541
56174907554
56174957543
56175007489
56175057526
56175107519
56175157516
56175207518
56175257523
56175307540
56175357541
56175407543
56175457540
56175507541
56175557542
56175607540
56175657541
56175707538
56175757539
56175807541
56175857534
56175907555
56175957536
56176007486
56176057523
56176107512
56176157529
56176207535
56176257532
56176307533
56176357534
56176407536
56176457533
56176507530
56176557531
56176607533
56176657534
56176707531
56176757528
56176807530
56176857531
56176907540
56176957549
56177007487
56177057524
56177107517
56177157514
56177207520
56177257521
56177307538
56177357520
56177407521
56177457522
56177507524
56177557525
56177607546
56177657547
56177707549
56177757530
56177807531
56177857533
56177907534
56177957551
56178007489
56178057522
56178107515
56178157536
56178207538
56178257539
56178307540
56178357541
56178407523
56178457540
56178507541
56178557542
56178607548
56178657549
56178707550
56178757547
56178807549
56178857550
56178907547
56178957552
56179007490
56179057519
56179107536
56179157533
56179207535
56179257540
56179307541
56179357538
56179407540
56179457541
56179507542
56179557543
56179607545
56179657542
56179707543
56179757544
56179807546
56179857547
56179907552
56179957541
56180007487
56180057524
56180107513
56180157538
56180207536
56180257517
56180307518
56180357523
56180407525
56180457530
56180507523
56180557524
56180607526
56180657531
56180707532
56180757557
56180807551
56180857532
56180907541
56180957534
56181007488
56181057517
56181107530
56181157523
56181207525
56181257526
56181307527
56181357521
56181407526
56181457527
56181507529
56181557526
56181607527
56181657548
56181707550
56181757547
56181807548
56181857550
56181907547
56181957544
56182007490
56182057523
56182107540
56182157537
56182207539
56182257536
56182307537
56182357542
56182407544
56182457545
56182507538
56182557539
56182607545
56182657546
56182707547
56182757548
56182807542
56182857547
56182907540
56182957545
56183007487
56183057528
56183107513
56183157534
56183207536
56183257537
56183307538
56183357539
56183407537
56183457542
56183507543
56183557544
56183607546
56183657543
56183707540
56183757541
56183807543
56183857544
56183907545
56183957542
56184007488
56184057521
56184107538
56184157535
56184207537
56184257534
56184307535
56184357536
56184407538
56184457539
56184507540
56184557537
56184607539
56184657544
56184707545
56184757546
56184807548
56184857545
56184907534
56184957551
56185007489
56185057526
56185107535
56185157532
56185207538
56185257519
56185307520
56185357522
56185407543
56185457524
56185507526
56185557531
56185607532
56185657533
56185707531
56185757532
56185807533
56185857539
56185907544
56185957561
56186007491
56186057528
56186107521
56186157518
56186207524
56186257521
56186307522
56186357527
56186407529
56186457530
56186507531
