# from_timestamp_us, to_timestamp_us
56337507544, 56337407553
56337607558, 56337507544
56337707541, 56337607558
56337807551, 56337707541
56337907566, 56337807551
56338007501, 56337907566
56338107539, 56338007501
56338207542, 56338107539
56338307532, 56338207542
56338407547, 56338307532
56338507549, 56338407547
56338607540, 56338507549
56338707550, 56338607540
56338807557, 56338707550
56338907567, 56338807557
56339007498, 56338907567
56339107528, 56339007498
56339207535, 56339107528
56339307545, 56339207535
56339407548, 56339307545
56339507538, 56339407548
56339607549, 56339507538
56339707551, 56339607549
56339807542, 56339707551
56339907552, 56339807542
56340007499, 56339907552
56340107529, 56340007499
56340207528, 56340107529
56340307542, 56340207528
56340407553, 56340307542
56340507535, 56340407553
56340607546, 56340507535
56340707560, 56340607546
56340807543, 56340707560
56340907561, 56340807543
56341007500, 56340907561
56341107526, 56341007500
56341207533, 56341107526
56341307543, 56341207533
56341407550, 56341307543
56341507541, 56341407550
56341607551, 56341507541
56341707558, 56341607551
56341807544, 56341707558
56341907559, 56341807544
56342007498, 56341907559
56342107528, 56342007498
56342207539, 56342107528
56342307545, 56342207539
56342407536, 56342307545
56342507550, 56342407536
56342607557, 56342507550
56342707547, 56342607557
56342807562, 56342707547
56342907544, 56342807562
56343007499, 56342907544
56343107545, 56343007499
56343207532, 56343107545
56343307546, 56343207532
56343407553, 56343307546
56343507539, 56343407553
56343607554, 56343507539
56343707560, 56343607554
56343807547, 56343707560
56343907557, 56343807547
56344007500, 56343907557
56344107530, 56344007500
56344207537, 56344107530
56344307547, 56344207537
56344407534, 56344307547
56344507548, 56344407534
56344607551, 56344507548
56344707541, 56344607551
56344807556, 56344707541
56344907546, 56344807556
56345007497, 56344907546
56345107551, 56345007497
56345207530, 56345107551
56345307544, 56345207530
56345407547, 56345307544
56345507537, 56345407547
56345607552, 56345507537
56345707558, 56345607552
56345807545, 56345707558
56345907559, 56345807545
56346007498, 56345907559
56346107528, 56346007498
56346207539, 56346107528
56346307545, 56346207539
56346407540, 56346307545
56346507555, 56346407540
56346607537, 56346507555
56346707552, 56346607537
56346807546, 56346707552
56346907561, 56346807546
56347007500, 56346907561
56347107530, 56347007500
56347207533, 56347107530
56347307543, 56347207533
56347407554, 56347307543
56347507536, 56347407554
56347607547, 56347507536
56347707557, 56347607547
56347807564, 56347707557
56347907546, 56347807564
56348007497, 56347907546
56348107527, 56348007497
56348207538, 56348107527
56348307544, 56348207538
56348407531, 56348307544
56348507541, 56348407531
56348607548, 56348507541
56348707538, 56348607548
56348807553, 56348707538
56348907547, 56348807553
56349007498, 56348907547
56349107532, 56349007498
56349207535, 56349107532
56349307549, 56349207535
56349407540, 56349307549
56349507542, 56349407540
56349607557, 56349507542
56349707543, 56349607557
56349807550, 56349707543
56349907548, 56349807550
56350007499, 56349907548
56350107525, 56350007499
56350207532, 56350107525
56350307546, 56350207532
56350407553, 56350307546
56350507540, 56350407553
56350607546, 56350507540
56350707561, 56350607546
56350807551, 56350707561
56350907562, 56350807551
56351007501, 56350907562
56351107535, 56351007501
56351207538, 56351107535
56351307552, 56351207538
56351407543, 56351307552
56351507549, 56351407543
56351607556, 56351507549
56351707542, 56351607556
56351807549, 56351707542
56351907567, 56351807549
56352007502, 56351907567
56352107548, 56352007502
56352207531, 56352107548
56352307541, 56352207531
56352407548, 56352307541
56352507538, 56352407548
56352607549, 56352507538
56352707555, 56352607549
56352807546, 56352707555
56352907568, 56352807546
56353007499, 56352907568
56353107529, 56353007499
56353207532, 56353107529
56353307546, 56353207532
56353407533, 56353307546
56353507539, 56353407533
56353607554, 56353507539
56353707544, 56353607554
56353807551, 56353707544
56353907565, 56353807551
56354007500, 56353907565
56354107526, 56354007500
56354207533, 56354107526
56354307547, 56354207533
56354407554, 56354307547
56354507544, 56354407554
56354607559, 56354507544
56354707561, 56354607559
56354807548, 56354707561
56354907562, 56354807548
56355007501, 56354907562
56355107535, 56355007501
56355207542, 56355107535
56355307548, 56355207542
56355407539, 56355307548
56355507554, 56355407539
56355607560, 56355507554
56355707547, 56355607560
56355807553, 56355707547
56355907568, 56355807553
56356007499, 56355907568
56376207536, 56376107553
56376307546, 56376207536
56376407553, 56376307546
56376507543, 56376407553
56376607546, 56376507543
56376707560, 56376607546
56376807571, 56376707560
56376907565, 56376807571
56377007500, 56376907565
56377107534, 56377007500
56377207533, 56377107534
56377307551, 56377207533
56377407538, 56377307551
56377507545, 56377407538
56377607559, 56377507545
56377707550, 56377607559
56377807552, 56377707550
56377907563, 56377807552
56378007502, 56377907563
56378107532, 56378007502
56378207539, 56378107532
56378307549, 56378207539
56378407536, 56378307549
56378507550, 56378407536
56378607561, 56378507550
56378707547, 56378607561
56378807562, 56378707547
56378907556, 56378807562
56379007503, 56378907556
56379107533, 56379007503
56379207532, 56379107533
56379307542, 56379207532
56379407553, 56379307542
56379507559, 56379407553
56379607550, 56379507559
56379707560, 56379607550
56379807567, 56379707560
56379907565, 56379807567
56380007500, 56379907565
56380107530, 56380007500
56380207537, 56380107530
56380307547, 56380207537
56380407550, 56380307547
56380507540, 56380407550
56380607551, 56380507540
56380707553, 56380607551
56380807564, 56380707553
56380907566, 56380807564
56381007501, 56380907566
56381107531, 56381007501
56381207538, 56381107531
56381307540, 56381207538
56381407555, 56381307540
56381507566, 56381407555
56381607548, 56381507566
56381707559, 56381607548
56381807565, 56381707559
56381907556, 56381807565
56382007503, 56381907556
56382107529, 56382007503
56382207536, 56382107529
56382307550, 56382207536
56382407553, 56382307550
56382507543, 56382407553
56382607558, 56382507543
56382707564, 56382607558
56382807551, 56382707564
56382907569, 56382807551
56383007500, 56382907569
56383107530, 56383007500
56383207541, 56383107530
56383307547, 56383207541
56383407538, 56383307547
56383507548, 56383407538
56383607555, 56383507548
56383707545, 56383607555
56383807556, 56383707545
56383907566, 56383807556
56384007501, 56383907566
56384107527, 56384007501
56384207538, 56384107527
56384307548, 56384207538
56384407555, 56384307548
56384507545, 56384407555
56384607556, 56384507545
56384707562, 56384607556
56384807553, 56384707562
56384907551, 56384807553
56385007502, 56384907551
56385107540, 56385007502
56385207547, 56385107540
56385307553, 56385207547
56385407544, 56385307553
56385507554, 56385407544
56385607557, 56385507554
56385707543, 56385607557
56385807554, 56385707543
56385907552, 56385807554
56386007499, 56385907552
56386107529, 56386007499
56386207532, 56386107529
56386307546, 56386207532
56386407533, 56386307546
56386507540, 56386407533
56386607550, 56386507540
56386707561, 56386607550
56386807543, 56386707561
56386907546, 56386807543
56387007501, 56386907546
56387107531, 56387007501
56387207542, 56387107531
56387307548, 56387207542
56387407535, 56387307548
56387507549, 56387407535
56387607556, 56387507549
56387707546, 56387607556
56387807561, 56387707546
56387907547, 56387807561
56388007502, 56387907547
56388107532, 56388007502
56388207535, 56388107532
56388307549, 56388207535
56388407536, 56388307549
56388507542, 56388407536
56388607553, 56388507542
56388707563, 56388607553
56388807546, 56388707563
56388907560, 56388807546
56389007503, 56388907560
56389107533, 56389007503
56389207544, 56389107533
56389307554, 56389207544
56389407541, 56389307554
56389507551, 56389407541
56389607562, 56389507551
56389707548, 56389607562
56389807563, 56389707548
56389907569, 56389807563
56390007500, 56389907569
56390107538, 56390007500
56390207541, 56390107538
56390307531, 56390207541
56390407546, 56390307531
56407707546, 56407607560
56407807553, 56407707546
56407907563, 56407807553
56408007502, 56407907563
56408107548, 56408007502
56408207535, 56408107548
56408307549, 56408207535
56408407536, 56408307549
56408507547, 56408407536
56408607561, 56408507547
56408707548, 56408607561
56408807562, 56408707548
56408907553, 56408807562
56409007500, 56408907553
56409107538, 56409007500
56409207545, 56409107538
56409307551, 56409207545
56409407542, 56409307551
56409507556, 56409407542
56409607543, 56409507556
56409707557, 56409607543
56409807548, 56409707557
56409907554, 56409807548
56410007501, 56409907554
56410107531, 56410007501
56410207542, 56410107531
56410307536, 56410207542
56410407547, 56410307536
56410507537, 56410407547
56410607552, 56410507537
56410707562, 56410607552
56410807553, 56410707562
56410907555, 56410807553
56411007502, 56410907555
56411107528, 56411007502
56411207535, 56411107528
56411307537, 56411207535
56411407548, 56411307537
56411507558, 56411407548
56411607561, 56411507558
56411707547, 56411607561
56411807558, 56411707547
56411907552, 56411807558
56412007499, 56411907552
56412107525, 56412007499
56412207548, 56412107525
56412307538, 56412207548
56412407545, 56412307538
56412507551, 56412407545
56412607538, 56412507551
56412707544, 56412607538
56412807559, 56412707544
56412907565, 56412807559
56413007500, 56412907565
56413107534, 56413007500
56413207541, 56413107534
56413307547, 56413207541
56413407534, 56413307547
56413507545, 56413407534
56413607551, 56413507545
56413707542, 56413607551
56413807552, 56413707542
56413907555, 56413807552
56414007502, 56413907555
56414107536, 56414007502
56414207535, 56414107536
56414307549, 56414207535
56414407536, 56414307549
56414507542, 56414407536
56414607553, 56414507542
56414707543, 56414607553
56414807550, 56414707543
56414907560, 56414807550
56415007503, 56414907560
56415107537, 56415007503
56415207544, 56415107537
56415307550, 56415207544
56415407541, 56415307550
56415507555, 56415407541
56415607562, 56415507555
56415707552, 56415607562
56415807567, 56415707552
56415907561, 56415807567
56416007504, 56415907561
56416107534, 56416007504
56416207537, 56416107534
56416307551, 56416207537
56416407546, 56416307551
56416507552, 56416407546
56416607543, 56416507552
56416707557, 56416607543
56416807568, 56416707557
56416907562, 56416807568
56417007501, 56416907562
56417107543, 56417007501
56417207550, 56417107543
56417307536, 56417207550
56417407539, 56417307536
56417507546, 56417407539
56417607556, 56417507546
56417707559, 56417607556
56417807545, 56417707559
56417907564, 56417807545
56418007503, 56417907564
56418107533, 56418007503
56418207532, 56418107533
56418307542, 56418207532
56418407557, 56418307542
56418507559, 56418407557
56418607546, 56418507559
56418707556, 56418607546
56418807563, 56418707556
56418907561, 56418807563
56419007500, 56418907561
56419107526, 56419007500
56419207533, 56419107526
56419307543, 56419207533
56419407546, 56419307543
56419507536, 56419407546
56419607547, 56419507536
56419707549, 56419607547
56419807560, 56419707549
56419907554, 56419807560
56420007501, 56419907554
56420107535, 56420007501
56420207542, 56420107535
56420307548, 56420207542
56420407539, 56420307548
56420507541, 56420407539
56420607552, 56420507541
56420707562, 56420607552
56420807545, 56420707562
56420907563, 56420807545
56421007502, 56420907563
56421107532, 56421007502
56421207535, 56421107532
56421307545, 56421207535
56421407548, 56421307545
56421507559, 56421407548
56421607545, 56421507559
56421707552, 56421607545
56421807562, 56421707552
56421907569, 56421807562
56422007504, 56421907569
56422107534, 56422007504
56422207541, 56422107534
56422307547, 56422207541
56422407558, 56422307547
56422507544, 56422407558
56422607551, 56422507544
56422707561, 56422607551
56422807552, 56422707561
56422907566, 56422807552
56423007501, 56422907566
56423107527, 56423007501
56423207538, 56423107527
56423307548, 56423207538
56423407555, 56423307548
56423507545, 56423407555
56423607560, 56423507545
56423707562, 56423607560
56423807549, 56423707562
56423907563, 56423807549
56424007502, 56423907563
56424107528, 56424007502
56424207535, 56424107528
56424307541, 56424207535
56424407552, 56424307541
56424507542, 56424407552
56424607545, 56424507542
56424707555, 56424607545
56424807546, 56424707555
56424907552, 56424807546
56425007503, 56424907552
56425107529, 56425007503
56425207536, 56425107529
56425307546, 56425207536
56425407557, 56425307546
56425507539, 56425407557
56425607554, 56425507539
56425707564, 56425607554
56425807547, 56425707564
56425907557, 56425807547
56426007500, 56425907557
56426107530, 56426007500
56426207541, 56426107530
56426307547, 56426207541
56426407538, 56426307547
56426507549, 56426407538
56426607555, 56426507549
56426707546, 56426607555
56426807560, 56426707546
56426907547, 56426807560
56427007502, 56426907547
56427107536, 56427007502
56427207535, 56427107536
56427307545, 56427207535
56427407536, 56427307545
56427507538, 56427407536
56427607549, 56427507538
56427707559, 56427607549
56427807566, 56427707559
56427907556, 56427807566
56428007503, 56427907556
56428107533, 56428007503
56428207540, 56428107533
56428307546, 56428207540
56428407537, 56428307546
56428507551, 56428407537
56428607558, 56428507551
56428707544, 56428607558
56428807559, 56428707544
56428907561, 56428807559
56429007504, 56428907561
56429107534, 56429007504
56429207537, 56429107534
56429307547, 56429207537
56429407538, 56429307547
56429507544, 56429407538
56429607559, 56429507544
56429707545, 56429607559
56429807552, 56429707545
56429907550, 56429807552
56430007501, 56429907550
56430107527, 56430007501
56430207534, 56430107527
56430307544, 56430207534
56430407547, 56430307544
56430507558, 56430407547
56430607548, 56430507558
56430707555, 56430607548
56430807565, 56430707555
56430907556, 56430807565
56431007503, 56430907556
56431107537, 56431007503
56431207540, 56431107537
56431307554, 56431207540
56431407541, 56431307554
56431507543, 56431407541
56431607558, 56431507543
56431707548, 56431607558
56431807555, 56431707548
56431907565, 56431807555
56432007504, 56431907565
56432107554, 56432007504
56432207537, 56432107554
56432307551, 56432207537
56432407558, 56432307551
56432507548, 56432407558
56432607563, 56432507548
56432707549, 56432607563
56432807560, 56432707549
56432907562, 56432807560
56433007501, 56432907562
56433107535, 56433007501
56433207546, 56433107535
56433307552, 56433207546
56433407543, 56433307552
56433507545, 56433407543
56433607556, 56433507545
56433707542, 56433607556
56433807553, 56433707542
56433907567, 56433807553
56434007502, 56433907567
56434107548, 56434007502
56434207535, 56434107548
56434307545, 56434207535
56434407556, 56434307545
56434507542, 56434407556
56434607557, 56434507542
56434707543, 56434607557
56434807558, 56434707543
56434907552, 56434807558
56435007503, 56434907552
56435107533, 56435007503
56435207540, 56435107533
56435307546, 56435207540
56435407537, 56435307546
56435507552, 56435407537
56435607558, 56435507552
56435707545, 56435607558
56435807559, 56435707545
56435907554, 56435807559
56436007501, 56435907554
56436107531, 56436007501
56436207542, 56436107531
56436307532, 56436207542
56436407543, 56436307532
56436507557, 56436407543
56436607544, 56436507557
56436707554, 56436607544
56436807565, 56436707554
56436907559, 56436807565
56437007502, 56436907559
56437107532, 56437007502
56437207543, 56437107532
56437307549, 56437207543
56437407540, 56437307549
56437507550, 56437407540
56437607557, 56437507550
56437707547, 56437607557
56437807558, 56437707547
56437907568, 56437807558
56438007503, 56437907568
56438107537, 56438007503
56438207540, 56438107537
56438307534, 56438207540
56438407545, 56438307534
56438507551, 56438407545
56438607542, 56438507551
56438707548, 56438607542
56438807559, 56438707548
56438907561, 56438807559
56439007504, 56438907561
56439107538, 56439007504
56439207545, 56439107538
56439307551, 56439207545
56439407542, 56439307551
56439507557, 56439407542
56439607563, 56439507557
56439707554, 56439607563
56439807564, 56439707554
56439907559, 56439807564
56440007502, 56439907559
56440107528, 56440007502
56440207535, 56440107528
56440307549, 56440207535
56440407540, 56440307549
56440507546, 56440407540
56440607541, 56440507546
56440707551, 56440607541
56440807562, 56440707551
56440907556, 56440807562
56441007503, 56440907556
56441107537, 56441007503
56441207548, 56441107537
56441307534, 56441207548
56441407549, 56441307534
56441507543, 56441407549
56441607550, 56441507543
56441707560, 56441607550
56441807551, 56441707560
56441907549, 56441807551
56442007504, 56441907549
56442107534, 56442007504
56442207537, 56442107534
56442307551, 56442207537
56442407546, 56442307551
56442507552, 56442407546
56442607543, 56442507552
56442707557, 56442607543
56442807568, 56442707557
56442907566, 56442807568
56443007501, 56442907566
56443107531, 56443007501
56443207542, 56443107531
56443307548, 56443207542
56443407551, 56443307548
56443507537, 56443407551
56443607552, 56443507537
56443707554, 56443607552
56443807565, 56443707554
56443907555, 56443807565
56444007502, 56443907555
56444107532, 56444007502
56444207531, 56444107532
56444307541, 56444207531
56444407556, 56444307541
56444507539, 56444407556
56444607553, 56444507539
56444707564, 56444607553
56444807546, 56444707564
56444907553, 56444807546
56445007504, 56444907553
56445107554, 56445007504
56445207537, 56445107554
56445307551, 56445207537
56445407558, 56445307551
56445507548, 56445407558
56445607559, 56445507548
56445707545, 56445607559
56445807556, 56445707545
56445907558, 56445807556
56446007501, 56445907558
56446107539, 56446007501
56446207546, 56446107539
56446307552, 56446207546
56446407543, 56446307552
56446507549, 56446407543
56446607540, 56446507549
56446707554, 56446607540
56446807561, 56446707554
56446907563, 56446807561
56447007502, 56446907563
56447107532, 56447007502
56447207543, 56447107532
56447307533, 56447207543
56447407540, 56447307533
56447507554, 56447407540
56447607549, 56447507554
56447707555, 56447607549
56447807546, 56447707555
56447907560, 56447807546
56448007503, 56447907560
56448107533, 56448007503
56448207544, 56448107533
56448307550, 56448207544
56448407545, 56448307550
56448507560, 56448407545
56448607542, 56448507560
56448707557, 56448607542
56448807571, 56448707557
56448907562, 56448807571
56449007501, 56448907562
56449107539, 56449007501
56449207546, 56449107539
56449307536, 56449207546
56449407543, 56449307536
56449507557, 56449407543
56449607548, 56449507557
56449707558, 56449607548
56449807545, 56449707558
56449907547, 56449807545
56450007502, 56449907547
56450107536, 56450007502
56450207543, 56450107536
56450307549, 56450207543
56450407540, 56450307549
56450507554, 56450407540
56450607561, 56450507554
56450707547, 56450607561
56450807562, 56450707547
56450907568, 56450807562
56451007503, 56450907568
56451107537, 56451007503
56451207536, 56451107537
56451307550, 56451207536
56451407565, 56451307550
56451507547, 56451407565
56451607558, 56451507547
56451707564, 56451607558
56451807555, 56451707564
56451907549, 56451807555
56452007500, 56451907549
56452107534, 56452007500
56452207541, 56452107534
56452307547, 56452207541
56452407538, 56452307547
56452507548, 56452407538
56452607555, 56452507548
56452707545, 56452607555
56452807556, 56452707545
56452907546, 56452807556
56453007501, 56452907546
56453107535, 56453007501
56453207538, 56453107535
56453307548, 56453207538
56453407539, 56453307548
56453507550, 56453407539
56453607540, 56453507550
56453707555, 56453607540
56453807565, 56453707555
56453907552, 56453807565
56454007503, 56453907552
56454107537, 56454007503
56454207544, 56454107537
