# from_timestamp_us, to_timestamp_us
56337507544, 56337607558
56337607558, 56337707541
56337707541, 56337807551
56337807551, 56337907566
56337907566, 56338007501
56338007501, 56338107539
56338107539, 56338207542
56338207542, 56338307532
56338307532, 56338407547
56338407547, 56338507549
56338507549, 56338607540
56338607540, 56338707550
56338707550, 56338807557
56338807557, 56338907567
56338907567, 56339007498
56339007498, 56339107528
56339107528, 56339207535
56339207535, 56339307545
56339307545, 56339407548
56339407548, 56339507538
56339507538, 56339607549
56339607549, 56339707551
56339707551, 56339807542
56339807542, 56339907552
56339907552, 56340007499
56340007499, 56340107529
56340107529, 56340207528
56340207528, 56340307542
56340307542, 56340407553
56340407553, 56340507535
56340507535, 56340607546
56340607546, 56340707560
56340707560, 56340807543
56340807543, 56340907561
56340907561, 56341007500
56341007500, 56341107526
56341107526, 56341207533
56341207533, 56341307543
56341307543, 56341407550
56341407550, 56341507541
56341507541, 56341607551
56341607551, 56341707558
56341707558, 56341807544
56341807544, 56341907559
56341907559, 56342007498
56342007498, 56342107528
56342107528, 56342207539
56342207539, 56342307545
56342307545, 56342407536
56342407536, 56342507550
56342507550, 56342607557
56342607557, 56342707547
56342707547, 56342807562
56342807562, 56342907544
56342907544, 56343007499
56343007499, 56343107545
56343107545, 56343207532
56343207532, 56343307546
56343307546, 56343407553
56343407553, 56343507539
56343507539, 56343607554
56343607554, 56343707560
56343707560, 56343807547
56343807547, 56343907557
56343907557, 56344007500
56344007500, 56344107530
56344107530, 56344207537
56344207537, 56344307547
56344307547, 56344407534
56344407534, 56344507548
56344507548, 56344607551
56344607551, 56344707541
56344707541, 56344807556
56344807556, 56344907546
56344907546, 56345007497
56345007497, 56345107551
56345107551, 56345207530
56345207530, 56345307544
56345307544, 56345407547
56345407547, 56345507537
56345507537, 56345607552
56345607552, 56345707558
56345707558, 56345807545
56345807545, 56345907559
56345907559, 56346007498
56346007498, 56346107528
56346107528, 56346207539
56346207539, 56346307545
56346307545, 56346407540
56346407540, 56346507555
56346507555, 56346607537
56346607537, 56346707552
56346707552, 56346807546
56346807546, 56346907561
56346907561, 56347007500
56347007500, 56347107530
56347107530, 56347207533
56347207533, 56347307543
56347307543, 56347407554
56347407554, 56347507536
56347507536, 56347607547
56347607547, 56347707557
56347707557, 56347807564
56347807564, 56347907546
56347907546, 56348007497
56348007497, 56348107527
56348107527, 56348207538
56348207538, 56348307544
56348307544, 56348407531
56348407531, 56348507541
56348507541, 56348607548
56348607548, 56348707538
56348707538, 56348807553
56348807553, 56348907547
56348907547, 56349007498
56349007498, 56349107532
56349107532, 56349207535
56349207535, 56349307549
56349307549, 56349407540
56349407540, 56349507542
56349507542, 56349607557
56349607557, 56349707543
56349707543, 56349807550
56349807550, 56349907548
56349907548, 56350007499
56350007499, 56350107525
56350107525, 56350207532
56350207532, 56350307546
56350307546, 56350407553
56350407553, 56350507540
56350507540, 56350607546
56350607546, 56350707561
56350707561, 56350807551
56350807551, 56350907562
56350907562, 56351007501
56351007501, 56351107535
56351107535, 56351207538
56351207538, 56351307552
56351307552, 56351407543
56351407543, 56351507549
56351507549, 56351607556
56351607556, 56351707542
56351707542, 56351807549
56351807549, 56351907567
56351907567, 56352007502
56352007502, 56352107548
56352107548, 56352207531
56352207531, 56352307541
56352307541, 56352407548
56352407548, 56352507538
56352507538, 56352607549
56352607549, 56352707555
56352707555, 56352807546
56352807546, 56352907568
56352907568, 56353007499
56353007499, 56353107529
56353107529, 56353207532
56353207532, 56353307546
56353307546, 56353407533
56353407533, 56353507539
56353507539, 56353607554
56353607554, 56353707544
56353707544, 56353807551
56353807551, 56353907565
56353907565, 56354007500
56354007500, 56354107526
56354107526, 56354207533
56354207533, 56354307547
56354307547, 56354407554
56354407554, 56354507544
56354507544, 56354607559
56354607559, 56354707561
56354707561, 56354807548
56354807548, 56354907562
56354907562, 56355007501
56355007501, 56355107535
56355107535, 56355207542
56355207542, 56355307548
56355307548, 56355407539
56355407539, 56355507554
56355507554, 56355607560
56355607560, 56355707547
56355707547, 56355807553
56355807553, 56355907568
56355907568, 56356007499
56356007499, 56356107529
56376207536, 56376307546
56376307546, 56376407553
56376407553, 56376507543
56376507543, 56376607546
56376607546, 56376707560
56376707560, 56376807571
56376807571, 56376907565
56376907565, 56377007500
56377007500, 56377107534
56377107534, 56377207533
56377207533, 56377307551
56377307551, 56377407538
56377407538, 56377507545
56377507545, 56377607559
56377607559, 56377707550
56377707550, 56377807552
56377807552, 56377907563
56377907563, 56378007502
56378007502, 56378107532
56378107532, 56378207539
56378207539, 56378307549
56378307549, 56378407536
56378407536, 56378507550
56378507550, 56378607561
56378607561, 56378707547
56378707547, 56378807562
56378807562, 56378907556
56378907556, 56379007503
56379007503, 56379107533
56379107533, 56379207532
56379207532, 56379307542
56379307542, 56379407553
56379407553, 56379507559
56379507559, 56379607550
56379607550, 56379707560
56379707560, 56379807567
56379807567, 56379907565
56379907565, 56380007500
56380007500, 56380107530
56380107530, 56380207537
56380207537, 56380307547
56380307547, 56380407550
56380407550, 56380507540
56380507540, 56380607551
56380607551, 56380707553
56380707553, 56380807564
56380807564, 56380907566
56380907566, 56381007501
56381007501, 56381107531
56381107531, 56381207538
56381207538, 56381307540
56381307540, 56381407555
56381407555, 56381507566
56381507566, 56381607548
56381607548, 56381707559
56381707559, 56381807565
56381807565, 56381907556
56381907556, 56382007503
56382007503, 56382107529
56382107529, 56382207536
56382207536, 56382307550
56382307550, 56382407553
56382407553, 56382507543
56382507543, 56382607558
56382607558, 56382707564
56382707564, 56382807551
56382807551, 56382907569
56382907569, 56383007500
56383007500, 56383107530
56383107530, 56383207541
56383207541, 56383307547
56383307547, 56383407538
56383407538, 56383507548
56383507548, 56383607555
56383607555, 56383707545
56383707545, 56383807556
56383807556, 56383907566
56383907566, 56384007501
56384007501, 56384107527
56384107527, 56384207538
56384207538, 56384307548
56384307548, 56384407555
56384407555, 56384507545
56384507545, 56384607556
56384607556, 56384707562
56384707562, 56384807553
56384807553, 56384907551
56384907551, 56385007502
56385007502, 56385107540
56385107540, 56385207547
56385207547, 56385307553
56385307553, 56385407544
56385407544, 56385507554
56385507554, 56385607557
56385607557, 56385707543
56385707543, 56385807554
56385807554, 56385907552
56385907552, 56386007499
56386007499, 56386107529
56386107529, 56386207532
56386207532, 56386307546
56386307546, 56386407533
56386407533, 56386507540
56386507540, 56386607550
56386607550, 56386707561
56386707561, 56386807543
56386807543, 56386907546
56386907546, 56387007501
56387007501, 56387107531
56387107531, 56387207542
56387207542, 56387307548
56387307548, 56387407535
56387407535, 56387507549
56387507549, 56387607556
56387607556, 56387707546
56387707546, 56387807561
56387807561, 56387907547
56387907547, 56388007502
56388007502, 56388107532
56388107532, 56388207535
56388207535, 56388307549
56388307549, 56388407536
56388407536, 56388507542
56388507542, 56388607553
56388607553, 56388707563
56388707563, 56388807546
56388807546, 56388907560
56388907560, 56389007503
56389007503, 56389107533
56389107533, 56389207544
56389207544, 56389307554
56389307554, 56389407541
56389407541, 56389507551
56389507551, 56389607562
56389607562, 56389707548
56389707548, 56389807563
56389807563, 56389907569
56389907569, 56390007500
56390007500, 56390107538
56390107538, 56390207541
56390207541, 56390307531
56390307531, 56390407546
56390407546, 56390507553
56407707546, 56407807553
56407807553, 56407907563
56407907563, 56408007502
56408007502, 56408107548
56408107548, 56408207535
56408207535, 56408307549
56408307549, 56408407536
56408407536, 56408507547
56408507547, 56408607561
56408607561, 56408707548
56408707548, 56408807562
56408807562, 56408907553
56408907553, 56409007500
56409007500, 56409107538
56409107538, 56409207545
56409207545, 56409307551
56409307551, 56409407542
56409407542, 56409507556
56409507556, 56409607543
56409607543, 56409707557
56409707557, 56409807548
56409807548, 56409907554
56409907554, 56410007501
56410007501, 56410107531
56410107531, 56410207542
56410207542, 56410307536
56410307536, 56410407547
56410407547, 56410507537
56410507537, 56410607552
56410607552, 56410707562
56410707562, 56410807553
56410807553, 56410907555
56410907555, 56411007502
56411007502, 56411107528
56411107528, 56411207535
56411207535, 56411307537
56411307537, 56411407548
56411407548, 56411507558
56411507558, 56411607561
56411607561, 56411707547
56411707547, 56411807558
56411807558, 56411907552
56411907552, 56412007499
56412007499, 56412107525
56412107525, 56412207548
56412207548, 56412307538
56412307538, 56412407545
56412407545, 56412507551
56412507551, 56412607538
56412607538, 56412707544
56412707544, 56412807559
56412807559, 56412907565
56412907565, 56413007500
56413007500, 56413107534
56413107534, 56413207541
56413207541, 56413307547
56413307547, 56413407534
56413407534, 56413507545
56413507545, 56413607551
56413607551, 56413707542
56413707542, 56413807552
56413807552, 56413907555
56413907555, 56414007502
56414007502, 56414107536
56414107536, 56414207535
56414207535, 56414307549
56414307549, 56414407536
56414407536, 56414507542
56414507542, 56414607553
56414607553, 56414707543
56414707543, 56414807550
56414807550, 56414907560
56414907560, 56415007503
56415007503, 56415107537
56415107537, 56415207544
56415207544, 56415307550
56415307550, 56415407541
56415407541, 56415507555
56415507555, 56415607562
56415607562, 56415707552
56415707552, 56415807567
56415807567, 56415907561
56415907561, 56416007504
56416007504, 56416107534
56416107534, 56416207537
56416207537, 56416307551
56416307551, 56416407546
56416407546, 56416507552
56416507552, 56416607543
56416607543, 56416707557
56416707557, 56416807568
56416807568, 56416907562
56416907562, 56417007501
56417007501, 56417107543
56417107543, 56417207550
56417207550, 56417307536
56417307536, 56417407539
56417407539, 56417507546
56417507546, 56417607556
56417607556, 56417707559
56417707559, 56417807545
56417807545, 56417907564
56417907564, 56418007503
56418007503, 56418107533
56418107533, 56418207532
56418207532, 56418307542
56418307542, 56418407557
56418407557, 56418507559
56418507559, 56418607546
56418607546, 56418707556
56418707556, 56418807563
56418807563, 56418907561
56418907561, 56419007500
56419007500, 56419107526
56419107526, 56419207533
56419207533, 56419307543
56419307543, 56419407546
56419407546, 56419507536
56419507536, 56419607547
56419607547, 56419707549
56419707549, 56419807560
56419807560, 56419907554
56419907554, 56420007501
56420007501, 56420107535
56420107535, 56420207542
56420207542, 56420307548
56420307548, 56420407539
56420407539, 56420507541
56420507541, 56420607552
56420607552, 56420707562
56420707562, 56420807545
56420807545, 56420907563
56420907563, 56421007502
56421007502, 56421107532
56421107532, 56421207535
56421207535, 56421307545
56421307545, 56421407548
56421407548, 56421507559
56421507559, 56421607545
56421607545, 56421707552
56421707552, 56421807562
56421807562, 56421907569
56421907569, 56422007504
56422007504, 56422107534
56422107534, 56422207541
56422207541, 56422307547
56422307547, 56422407558
56422407558, 56422507544
56422507544, 56422607551
56422607551, 56422707561
56422707561, 56422807552
56422807552, 56422907566
56422907566, 56423007501
56423007501, 56423107527
56423107527, 56423207538
56423207538, 56423307548
56423307548, 56423407555
56423407555, 56423507545
56423507545, 56423607560
56423607560, 56423707562
56423707562, 56423807549
56423807549, 56423907563
56423907563, 56424007502
56424007502, 56424107528
56424107528, 56424207535
56424207535, 56424307541
56424307541, 56424407552
56424407552, 56424507542
56424507542, 56424607545
56424607545, 56424707555
56424707555, 56424807546
56424807546, 56424907552
56424907552, 56425007503
56425007503, 56425107529
56425107529, 56425207536
56425207536, 56425307546
56425307546, 56425407557
56425407557, 56425507539
56425507539, 56425607554
56425607554, 56425707564
56425707564, 56425807547
56425807547, 56425907557
56425907557, 56426007500
56426007500, 56426107530
56426107530, 56426207541
56426207541, 56426307547
56426307547, 56426407538
56426407538, 56426507549
56426507549, 56426607555
56426607555, 56426707546
56426707546, 56426807560
56426807560, 56426907547
56426907547, 56427007502
56427007502, 56427107536
56427107536, 56427207535
56427207535, 56427307545
56427307545, 56427407536
56427407536, 56427507538
56427507538, 56427607549
56427607549, 56427707559
56427707559, 56427807566
56427807566, 56427907556
56427907556, 56428007503
56428007503, 56428107533
56428107533, 56428207540
56428207540, 56428307546
56428307546, 56428407537
56428407537, 56428507551
56428507551, 56428607558
56428607558, 56428707544
56428707544, 56428807559
56428807559, 56428907561
56428907561, 56429007504
56429007504, 56429107534
56429107534, 56429207537
56429207537, 56429307547
56429307547, 56429407538
56429407538, 56429507544
56429507544, 56429607559
56429607559, 56429707545
56429707545, 56429807552
56429807552, 56429907550
56429907550, 56430007501
56430007501, 56430107527
56430107527, 56430207534
56430207534, 56430307544
56430307544, 56430407547
56430407547, 56430507558
56430507558, 56430607548
56430607548, 56430707555
56430707555, 56430807565
56430807565, 56430907556
56430907556, 56431007503
56431007503, 56431107537
56431107537, 56431207540
56431207540, 56431307554
56431307554, 56431407541
56431407541, 56431507543
56431507543, 56431607558
56431607558, 56431707548
56431707548, 56431807555
56431807555, 56431907565
56431907565, 56432007504
56432007504, 56432107554
56432107554, 56432207537
56432207537, 56432307551
56432307551, 56432407558
56432407558, 56432507548
56432507548, 56432607563
56432607563, 56432707549
56432707549, 56432807560
56432807560, 56432907562
56432907562, 56433007501
56433007501, 56433107535
56433107535, 56433207546
56433207546, 56433307552
56433307552, 56433407543
56433407543, 56433507545
56433507545, 56433607556
56433607556, 56433707542
56433707542, 56433807553
56433807553, 56433907567
56433907567, 56434007502
56434007502, 56434107548
56434107548, 56434207535
56434207535, 56434307545
56434307545, 56434407556
56434407556, 56434507542
56434507542, 56434607557
56434607557, 56434707543
56434707543, 56434807558
56434807558, 56434907552
56434907552, 56435007503
56435007503, 56435107533
56435107533, 56435207540
56435207540, 56435307546
56435307546, 56435407537
56435407537, 56435507552
56435507552, 56435607558
56435607558, 56435707545
56435707545, 56435807559
56435807559, 56435907554
56435907554, 56436007501
56436007501, 56436107531
56436107531, 56436207542
56436207542, 56436307532
56436307532, 56436407543
56436407543, 56436507557
56436507557, 56436607544
56436607544, 56436707554
56436707554, 56436807565
56436807565, 56436907559
56436907559, 56437007502
56437007502, 56437107532
56437107532, 56437207543
56437207543, 56437307549
56437307549, 56437407540
56437407540, 56437507550
56437507550, 56437607557
56437607557, 56437707547
56437707547, 56437807558
56437807558, 56437907568
56437907568, 56438007503
56438007503, 56438107537
56438107537, 56438207540
56438207540, 56438307534
56438307534, 56438407545
56438407545, 56438507551
56438507551, 56438607542
56438607542, 56438707548
56438707548, 56438807559
56438807559, 56438907561
56438907561, 56439007504
56439007504, 56439107538
56439107538, 56439207545
56439207545, 56439307551
56439307551, 56439407542
56439407542, 56439507557
56439507557, 56439607563
56439607563, 56439707554
56439707554, 56439807564
56439807564, 56439907559
56439907559, 56440007502
56440007502, 56440107528
56440107528, 56440207535
56440207535, 56440307549
56440307549, 56440407540
56440407540, 56440507546
56440507546, 56440607541
56440607541, 56440707551
56440707551, 56440807562
56440807562, 56440907556
56440907556, 56441007503
56441007503, 56441107537
56441107537, 56441207548
56441207548, 56441307534
56441307534, 56441407549
56441407549, 56441507543
56441507543, 56441607550
56441607550, 56441707560
56441707560, 56441807551
56441807551, 56441907549
56441907549, 56442007504
56442007504, 56442107534
56442107534, 56442207537
56442207537, 56442307551
56442307551, 56442407546
56442407546, 56442507552
56442507552, 56442607543
56442607543, 56442707557
56442707557, 56442807568
56442807568, 56442907566
56442907566, 56443007501
56443007501, 56443107531
56443107531, 56443207542
56443207542, 56443307548
56443307548, 56443407551
56443407551, 56443507537
56443507537, 56443607552
56443607552, 56443707554
56443707554, 56443807565
56443807565, 56443907555
56443907555, 56444007502
56444007502, 56444107532
56444107532, 56444207531
56444207531, 56444307541
56444307541, 56444407556
56444407556, 56444507539
56444507539, 56444607553
56444607553, 56444707564
56444707564, 56444807546
56444807546, 56444907553
56444907553, 56445007504
56445007504, 56445107554
56445107554, 56445207537
56445207537, 56445307551
56445307551, 56445407558
56445407558, 56445507548
56445507548, 56445607559
56445607559, 56445707545
56445707545, 56445807556
56445807556, 56445907558
56445907558, 56446007501
56446007501, 56446107539
56446107539, 56446207546
56446207546, 56446307552
56446307552, 56446407543
56446407543, 56446507549
56446507549, 56446607540
56446607540, 56446707554
56446707554, 56446807561
56446807561, 56446907563
56446907563, 56447007502
56447007502, 56447107532
56447107532, 56447207543
56447207543, 56447307533
56447307533, 56447407540
56447407540, 56447507554
56447507554, 56447607549
56447607549, 56447707555
56447707555, 56447807546
56447807546, 56447907560
56447907560, 56448007503
56448007503, 56448107533
56448107533, 56448207544
56448207544, 56448307550
56448307550, 56448407545
56448407545, 56448507560
56448507560, 56448607542
56448607542, 56448707557
56448707557, 56448807571
56448807571, 56448907562
56448907562, 56449007501
56449007501, 56449107539
56449107539, 56449207546
56449207546, 56449307536
56449307536, 56449407543
56449407543, 56449507557
56449507557, 56449607548
56449607548, 56449707558
56449707558, 56449807545
56449807545, 56449907547
56449907547, 56450007502
56450007502, 56450107536
56450107536, 56450207543
56450207543, 56450307549
56450307549, 56450407540
56450407540, 56450507554
56450507554, 56450607561
56450607561, 56450707547
56450707547, 56450807562
56450807562, 56450907568
56450907568, 56451007503
56451007503, 56451107537
56451107537, 56451207536
56451207536, 56451307550
56451307550, 56451407565
56451407565, 56451507547
56451507547, 56451607558
56451607558, 56451707564
56451707564, 56451807555
56451807555, 56451907549
56451907549, 56452007500
56452007500, 56452107534
56452107534, 56452207541
56452207541, 56452307547
56452307547, 56452407538
56452407538, 56452507548
56452507548, 56452607555
56452607555, 56452707545
56452707545, 56452807556
56452807556, 56452907546
56452907546, 56453007501
56453007501, 56453107535
56453107535, 56453207538
56453207538, 56453307548
56453307548, 56453407539
56453407539, 56453507550
56453507550, 56453607540
56453607540, 56453707555
56453707555, 56453807565
56453807565, 56453907552
56453907552, 56454007503
56454007503, 56454107537
56454107537, 56454207544
56454207544, 56454307554
