41424200353
41424250367
41424300364
41424350369
41424400370
41424450371
41424500373
41424550354
41424600371
41424650376
41424700377
41424750359
41424800360
41424850365
41424900382
41424950363
41425000317
41425050350
41425100343
41425150368
41425200362
41425250368
41425300349
41425350350
41425400351
41425450372
41425500374
41425550375
41425600376
41425650377
41425700358
41425750378
41425800382
41425850385
41425900386
41425950387
41426000321
41426050347
41426100364
41426150361
41426200356
41426250368
41426300369
41426350366
41426400367
41426450368
41426500372
41426550371
41426600371
41426650370
41426700372
41426750374
41426800374
41426850376
41426900372
41426950374
41427000312
41427050346
41427100339
41427150361
41427200346
41427250359
41427300366
41427350370
41427400374
41427450376
41427500377
41427550376
41427600380
41427650382
41427700385
41427750387
41427800384
41427850385
41427900386
41427950387
41428000333
41428050367
41428100384
41428150369
41428200366
41428250379
41428300380
41428350378
41428400379
41428450376
41428500381
41428550378
41428600383
41428650376
41428700378
41428750382
41428800380
41428850379
41428900377
41428950371
41429000318
41429050357
41429100347
41429150343
41429200353
41429250342
41429300340
41429350338
41429400341
41429450342
41429500336
41429550341
41429600340
41429650340
41429700340
41429750346
41429800340
41429850341
41429900344
41429950343
41430000288
41430050321
41430100330
41430150330
41430200326
41430250315
41430300316
41430350344
41430400337
41430450336
41430500317
41430550317
41430600322
41430650339
41430700338
41430750340
41430800343
41430850324
41430900325
41430950346
41431000277
41431050310
41431100303
41431150326
41431200318
41431250328
41431300310
41431350310
41431400316
41431450318
41431500321
41431550321
41431600324
41431650332
41431700334
41431750343
41431800339
41431850346
41431900350
41431950358
41432000306
41432050342
41432100354
41432150358
41432200357
41432250348
41432300352
41432350360
41432400380
41432450363
41432500370
41432550378
41432600389
41432650394
41432700394
41432750401
41432800403
41432850410
41432900414
41432950418
41433000358
41433050402
41433100398
41433150398
41433200416
41433250408
41433300414
41433350421
41433400426
41433450430
41433500440
41433550437
41433600441
41433650448
41433700452
41433750460
41433800462
41433850459
41433900464
41433950465
41434000407
41434050444
41434100460
41434150452
41434200444
41434250432
41434300434
41434350434
41434400449
41434450429
41434500428
41434550432
41434600433
41434650434
41434700453
41434750440
41434800443
41434850446
41434900452
41434950454
41435000404
41435050442
41435100430
41435150431
41435200440
41435250438
41435300435
41435350439
41435400444
41435450444
41435500450
41435550444
41435600442
41435650438
41435700437
41435750439
41435800444
41435850437
41435900438
41435950442
41436000387
41436050414
41436100430
41436150423
41436200427
41436250432
41436300432
41436350434
41436400434
41436450432
41436500434
41436550434
41436600432
41436650432
41436700435
41436750435
41436800439
41436850440
41436900446
41436950453
41437000408
41437050442
41437100469
41437150459
41437200462
41437250484
41437300485
41437350491
41437400494
41437450496
41437500495
41437550495
41437600490
41437650490
41437700491
41437750490
41437800492
41437850491
41437900487
41437950486
41438000424
41438050459
41438100449
41438150461
41438200454
41438250448
41438300453
41438350455
41438400458
41438450476
41438500462
41438550466
41438600474
41438650478
41438700483
41438750484
41438800488
41438850489
41438900494
41438950495
41439000445
41439050478
41439100471
41439150492
41439200489
41439250473
41439300497
41439350490
41439400468
41439450464
41439500460
41439550462
41439600474
41439650453
41439700451
41439750452
41439800453
41439850458
41439900475
41439950476
41440000406
41440050439
41440100432
41440150457
41440200446
41440250456
41440300437
41440350442
41440400443
41440450469
41440500464
41440550446
41440600446
41440650454
41440700456
41440750478
41440800476
41440850476
41440900478
41440950478
41441000412
41441050446
41441100440
41441150460
41441200452
41441250464
41441300466
41441350464
41441400472
41441450473
41441500475
41441550456
41441600461
41441650478
41441700458
41441750458
41441800462
41441850460
41441900459
41441950453
41442000404
41442050435
41442100425
41442150424
41442200434
41442250440
41442300438
41442350416
41442400415
41442450413
41442500434
41442550412
41442600414
41442650412
41442700412
41442750413
41442800408
41442850406
41442900408
41442950405
41443000346
41443050373
41443100381
41443150373
41443200360
41443250365
41443300361
41443350352
41443400348
41443450344
41443500340
41443550338
41443600334
41443650326
41443700326
41443750326
41443800322
41443850319
41443900314
41443950308
41444000240
41444050269
41444100282
41444150275
41444200265
41444250256
41444300258
41444350256
41444400254
41444450256
41444500248
41444550250
41444600248
41444650251
41444700250
41444750252
41444800247
41444850246
41444900246
41444950250
41445000183
41445050222
41445100208
41445150232
41445200226
41445250210
41445300212
41445350218
41445400214
41445450220
41445500220
41445550226
41445600232
41445650233
41445700236
41445750242
41445800249
41445850251
41445900254
41445950250
41446000194
41446050238
41446100236
41446150245
41446200254
41446250264
41446300269
41446350254
41446400259
41446450265
41446500275
41446550296
41446600280
41446650286
41446700294
41446750301
41446800309
41446850306
41446900314
41446950317
41447000270
41447050304
41447100317
41447150320
41447200318
41447250317
41447300320
41447350322
41447400320
41447450317
41447500323
41447550324
41447600325
41447650326
41447700344
41447750329
41447800332
41447850339
41447900342
41447950345
41448000294
41448050334
41448100329
41448150332
41448200339
41448250360
41448300361
41448350365
41448400370
41448450374
41448500379
41448550379
41448600384
41448650392
41448700395
41448750400
41448800404
41448850403
41448900407
41448950411
41449000351
41449050391
41449100383
41449150402
41449200401
41449250410
41449300413
41449350419
41449400422
41449450419
41449500422
41449550424
41449600429
41449650430
41449700431
41449750429
41449800430
41449850431
41449900435
41449950435
41450000363
41450050399
41450100391
41450150390
41450200385
41450250392
41450300388
41450350388
41450400392
41450450394
41450500400
41450550400
41450600398
41450650397
41450700398
41450750404
41450800404
41450850408
41450900399
41450950403
41451000344
41451050378
41451100368
41451150381
41451200379
41451250377
41451300354
41451350351
41451400352
41451450366
41451500343
41451550340
41451600342
41451650338
41451700336
41451750329
41451800332
41451850329
41451900331
41451950328
41452000267
41452050304
41452100294
41452150289
41452200294
41452250288
41452300278
41452350275
41452400274
41452450276
41452500275
41452550275
41452600270
41452650270
41452700270
41452750276
41452800274
41452850275
41452900272
41452950272
41453000226
41453050259
41453100252
41453150277
41453200258
41453250271
41453300276
41453350278
41453400259
41453450284
41453500281
41453550283
41453600286
41453650288
41453700270
41453750294
41453800294
41453850298
41453900299
41453950303
41454000240
41454050275
41454100291
41454150294
41454200282
41454250283
41454300285
41454350309
41454400292
41454450296
41454500305
41454550312
41454600316
41454650316
41454700324
41454750328
41454800333
41454850337
41454900340
41454950340
41455000285
41455050328
41455100324
41455150323
41455200321
41455250328
41455300330
41455350338
41455400341
41455450344
41455500342
41455550350
41455600352
41455650355
41455700362
41455750364
41455800363
41455850368
41455900369
41455950374
41456000312
41456050341
41456100358
41456150354
41456200352
41456250352
41456300355
41456350348
41456400350
41456450350
41456500349
41456550347
41456600351
41456650345
41456700345
41456750346
41456800351
41456850332
41456900333
41456950355
41457000286
41457050320
41457100312
41457150339
41457200337
41457250340
41457300342
41457350344
41457400326
41457450332
41457500333
41457550336
41457600340
41457650348
41457700352
41457750356
41457800356
41457850360
41457900366
41457950368
41458000320
41458050360
41458100347
41458150348
41458200354
41458250352
41458300357
41458350358
41458400357
41458450363
41458500372
41458550372
41458600380
41458650384
41458700384
41458750386
41458800388
41458850390
41458900392
41458950391
41459000341
41459050379
41459100370
41459150398
41459200396
41459250395
41459300396
41459350398
41459400405
41459450406
41459500408
41459550405
41459600406
41459650407
41459700408
41459750414
41459800415
41459850412
41459900412
41459950411
41460000348
41460050382
41460100368
41460150386
41460200373
41460250380
41460300378
41460350378
41460400374
41460450368
41460500369
41460550372
41460600372
41460650372
41460700369
41460750371
41460800372
41460850373
41460900374
41460950375
41461000317
41461050350
41461100343
41461150368
41461200365
41461250366
41461300363
41461350365
41461400366
41461450367
41461500368
41461550361
41461600366
41461650367
41461700369
41461750374
41461800375
41461850370
41461900369
41461950368
41462000306
41462050342
41462100330
41462150346
41462200341
41462250350
41462300351
41462350352
41462400354
41462450353
41462500356
41462550358
41462600364
41462650364
41462700362
41462750364
41462800364
41462850366
41462900366
41462950372
41463000300
41463050332
41463100325
41463150346
41463200335
41463250329
41463300350
41463350351
41463400332
41463450333
41463500338
41463550337
41463600331
41463650331
41463700331
41463750337
41463800338
41463850339
41463900336
41463950341
41464000291
41464050328
41464100321
41464150326
41464200323
41464250341
41464300342
41464350344
41464400326
41464450345
41464500348
41464550356
41464600358
41464650362
41464700345
41464750366
41464800375
41464850380
41464900366
41464950376
41465000332
41465050374
41465100373
41465150375
41465200403
41465250410
41465300412
41465350419
41465400424
41465450430
41465500434
41465550434
41465600432
41465650432
41465700438
41465750437
41465800414
41465850415
41465900408
41465950406
41466000355
41466050394
41466100386
41466150391
41466200384
41466250386
41466300387
41466350388
41466400393
41466450392
41466500395
41466550400
41466600401
41466650407
41466700408
41466750406
41466800408
41466850411
41466900414
41466950417
41467000364
41467050393
41467100410
41467150407
41467200406
41467250413
41467300418
41467350416
41467400418
41467450425
41467500427
41467550409
41467600434
41467650434
41467700436
41467750421
41467800427
41467850428
41467900428
41467950434
41468000383
41468050422
41468100414
41468150411
41468200426
41468250434
41468300439
41468350442
41468400444
41468450444
41468500442
41468550444
41468600446
41468650447
41468700452
41468750454
41468800451
41468850454
41468900456
41468950458
41469000396
41469050425
41469100442
41469150442
41469200434
41469250437
41469300440
41469350432
41469400433
41469450429
41469500430
41469550426
41469600400
41469650416
41469700411
41469750385
41469800384
41469850378
41469900375
41469950365
41470000306
41470050336
41470100318
41470150313
41470200327
41470250322
41470300317
41470350291
41470400286
41470450286
41470500280
41470550277
41470600278
41470650279
41470700276
41470750280
41470800275
41470850276
41470900276
41470950282
41471000226
41471050268
41471100254
41471150279
41471200272
41471250261
41471300260
41471350262
41471400258
41471450254
41471500251
41471550246
41471600246
41471650236
41471700232
41471750226
41471800222
41471850220
41471900214
41471950206
41472000147
41472050178
41472100166
41472150158
41472200170
41472250173
41472300151
41472350153
41472400156
41472450154
41472500153
41472550152
41472600150
41472650152
41472700150
41472750152
41472800156
41472850153
41472900157
41472950156
41473000090
41473050132
41473100116
41473150116
41473200116
41473250122
41473300122
41473350121
41473400118
41473450123
41473500124
41473550125
41473600124
41473650130
41473700126
41473750128
41473800134
41473850133
41473900138
41473950139
41474000081
41474050118
41474100107
41474150112
41474200109
41474250111
41474300112
41474350117
41474400118
41474450123
41474500125
41474550126
41474600127
41474650128
41474700133
41474750135
41474800136
41474850133
41474900134
41474950135
41475000077
41475050114
41475100107
41475150124
41475200117
41475250111
41475300112
41475350113
41475400110
41475450115
41475500121
41475550122
41475600127
41475650128
41475700129
41475750130
41475800135
41475850140
41475900140
41475950140
41476000074
41476050108
41476100102
41476150099
41476200120
41476250110
41476300107
41476350113
41476400114
41476450119
41476500125
41476550125
41476600122
41476650122
41476700122
41476750124
41476800126
41476850122
41476900124
41476950124
41477000070
41477050104
41477100095
41477150112
41477200097
41477250098
41477300099
41477350100
41477400101
41477450122
41477500124
41477550125
41477600106
41477650107
41477700112
41477750110
41477800115
41477850117
41477900118
41477950122
41478000069
41478050113
41478100106
41478150110
41478200125
41478250121
41478300120
41478350129
41478400133
41478450136
41478500144
41478550145
41478600140
41478650140
41478700144
41478750149
41478800151
41478850154
41478900152
41478950154
41479000106
41479050148
41479100142
41479150161
41479200150
41479250140
41479300145
41479350146
41479400147
41479450164
41479500146
41479550147
41479600148
41479650149
41479700150
41479750172
41479800153
41479850154
41479900155
41479950154
41480000104
41480050131
41480100148
41480150148
41480200136
41480250130
41480300136
41480350152
41480400134
41480450134
41480500136
41480550142
41480600166
41480650160
41480700160
41480750162
41480800144
41480850144
41480900166
41480950166
41481000100
41481050138
41481100129
41481150126
41481200128
41481250126
41481300131
41481350131
41481400136
41481450137
41481500131
41481550136
41481600136
41481650136
41481700136
41481750138
41481800132
41481850136
41481900136
41481950136
41482000084
41482050112
41482100129
41482150128
41482200128
41482250110
41482300111
41482350132
41482400113
41482450114
41482500120
41482550121
41482600126
41482650119
41482700126
41482750128
41482800130
41482850131
41482900138
41482950136
41483000083
41483050121
41483100112
41483150136
41483200119
41483250137
41483300139
41483350122
41483400125
41483450132
41483500150
41483550133
41483600140
41483650142
41483700144
41483750150
41483800149
41483850151
41483900153
41483950156
41484000108
41484050142
41484100154
41484150152
41484200144
41484250141
41484300142
41484350168
41484400165
41484450169
41484500151
41484550159
41484600160
41484650159
41484700166
41484750168
41484800170
41484850171
41484900172
41484950168
41485000119
41485050154
41485100148
41485150143
41485200156
41485250146
41485300150
41485350151
41485400156
41485450156
41485500162
41485550154
41485600158
41485650158
41485700163
41485750165
41485800170
41485850163
41485900168
41485950169
41486000111
41486050144
41486100157
41486150154
41486200150
41486250151
41486300153
41486350159
41486400157
41486450158
41486500163
41486550164
41486600165
41486650172
41486700170
41486750170
41486800170
41486850171
41486900172
41486950177
41487000114
41487050151
41487100141
41487150140
41487200157
41487250143
41487300144
41487350145
41487400150
41487450150
41487500150
41487550146
41487600143
41487650145
41487700143
41487750143
41487800142
41487850137
41487900139
41487950137
41488000082
41488050112
41488100126
41488150118
41488200103
41488250102
41488300108
41488350107
41488400103
41488450106
41488500107
41488550111
41488600114
41488650120
41488700114
41488750116
41488800118
41488850119
41488900124
41488950125
41489000059
41489050091
41489100082
41489150102
41489200083
41489250089
41489300086
41489350086
41489400090
41489450090
41489500096
41489550098
41489600094
41489650096
41489700100
41489750101
41489800105
41489850096
41489900100
41489950101
41490000043
41490050083
41490100076
41490150066
41490200083
41490250074
41490300080
41490350079
41490400080
41490450077
41490500083
41490550088
41490600093
41490650094
41490700095
41490750089
41490800094
41490850095
41490900100
41490950100
41491000034
41491050074
41491100066
41491150070
41491200071
41491250072
41491300064
41491350068
41491400068
41491450073
41491500079
41491550079
41491600076
41491650081
41491700082
41491750088
41491800069
41491850074
41491900091
41491950072
41492000026
41492050063
41492100056
41492150077
41492200074
41492250060
41492300065
41492350066
41492400071
41492450064
41492500070
41492550075
41492600080
41492650081
41492700086
41492750088
41492800089
41492850070
41492900075
41492950080
41493000022
41493050055
41493100072
41493150069
41493200058
41493250056
41493300057
41493350054
41493400059
41493450061
41493500067
41493550068
41493600065
41493650070
41493700072
41493750078
41493800081
41493850086
41493900084
41493950088
41494000031
41494050079
41494100074
41494150074
41494200072
41494250084
41494300090
41494350095
41494400102
41494450104
41494500102
41494550103
41494600108
41494650101
41494700095
41494750114
41494800104
41494850098
41494900116
41494950115
41495000058
41495050104
41495100111
41495150097
41495200112
41495250095
41495300113
41495350102
41495400119
41495450112
41495500106
41495550122
41495600115
41495650102
41495700120
41495750114
41495800109
41495850126
41495900118
41495950107
41496000056
41496050084
41496100094
41496150105
41496200086
41496250088
41496300104
41496350100
41496400091
41496450083
41496500097
41496550088
41496600106
41496650101
41496700094
41496750092
41496800105
41496850098
41496900095
41496950092
41497000048
41497050096
41497100102
41497150094
41497200108
41497250110
41497300107
41497350128
41497400117
41497450138
41497500136
41497550133
41497600154
41497650145
41497700141
41497750162
41497800157
41497850153
41497900173
41497950164
41498000112
41498050142
41498100147
41498150161
41498200142
41498250148
41498300161
41498350158
41498400151
41498450168
41498500162
41498550171
41498600164
41498650157
41498700174
41498750168
41498800189
41498850170
41498900163
41498950160
41499000114
41499050163
41499100160
41499150149
41499200158
41499250163
41499300155
41499350148
41499400158
41499450151
41499500144
41499550161
41499600150
41499650167
41499700152
41499750170
41499800163
41499850154
41499900171
41499950167
41500000109
41500050137
41500100143
41500150141
41500200153
41500250159
41500300151
